[array([[-1.20311046,  0.20950122,  0.49583083, ..., -1.38989913,
         1.26470709, -0.22782542],
       [-1.92222679, -0.72923124,  1.26127565, ..., -0.33486053,
        -0.575459  ,  0.86580634],
       [ 0.27804419, -0.63404751, -1.16750705, ...,  1.16136062,
         1.07024658, -0.31274495],
       ..., 
       [-0.38970605,  1.8995527 ,  1.78288531, ..., -0.96305937,
        -0.41611046,  0.60814768],
       [-1.53763568,  1.23532093, -1.95731544, ...,  0.07735563,
         1.07372177, -0.19784588],
       [-0.20868249, -1.85740364, -0.2450383 , ...,  0.5935328 ,
        -0.94157624,  0.65247422]], dtype=float32), array([[ 0.42463008, -0.07845126,  0.95152527, ..., -0.98252589,
        -0.57557708,  0.51646721],
       [-0.22578567, -0.73902184, -2.52322054, ...,  0.79682326,
        -1.30608869, -2.0633564 ],
       [-0.05924177, -0.89328808,  0.10041426, ..., -1.58688271,
         0.83265167,  0.75824612],
       ..., 
       [ 0.08688381, -0.89139879, -1.48607469, ..., -0.98212224,
         0.85771728, -0.7750724 ],
       [ 0.37443709, -1.29832661, -0.09594894, ...,  0.32052743,
        -0.58925897, -0.32879066],
       [-0.93129283, -1.39405203, -0.17408404, ..., -0.44785839,
         0.03593287, -1.02314425]], dtype=float32), array([[-0.03044755,  0.57253218, -1.07144094, ...,  0.33486348,
        -0.09337123,  0.71907634],
       [-0.34732795,  0.83787745,  1.32958579, ...,  0.48240092,
        -1.06145477,  1.40335894],
       [ 0.55024767,  0.16620632,  1.19098496, ...,  0.59240848,
         0.51114178,  0.7018621 ],
       ..., 
       [ 0.61756569,  1.21565747,  0.0792089 , ...,  0.16759971,
        -0.57137024, -1.25620902],
       [ 0.69584721,  0.2031804 ,  0.7729634 , ...,  1.00909269,
        -0.47934428,  0.9658972 ],
       [-0.14013934, -0.9969517 , -1.72125673, ...,  1.04297745,
         1.43928337, -0.0746458 ]], dtype=float32), array([ 0.11465952,  1.61681652,  0.40053433,  0.02425594, -0.71715665,
       -1.93965602,  0.25048569, -0.27571356,  0.2290422 , -0.59298635,
       -0.02873878,  0.1208403 , -0.08562475, -0.16223124,  1.76249981,
       -0.68279076,  0.80903649,  0.48444682,  1.44293988, -1.31425011,
       -0.21612619,  1.68436599,  1.38632679, -0.54376024,  0.94977295,
       -0.04799296, -0.54395902,  0.21204789,  0.16602989, -0.53723061,
       -0.00242994,  0.92929929], dtype=float32), array([[-0.43726534, -1.68587983,  0.58052719, ..., -0.24171901,
         0.08128802,  1.43446016],
       [ 0.52699494,  2.39522457,  1.44859135, ...,  1.6987201 ,
         0.30523291, -1.01313925],
       [ 0.70784932, -0.31568512,  0.3137843 , ..., -0.39348397,
        -0.43510234,  0.74775863],
       ..., 
       [-0.69644666, -0.82845616,  1.05865967, ...,  0.36705086,
         1.34342515, -2.23587012],
       [-0.82296211, -1.18089807,  0.14936234, ..., -0.4465993 ,
         0.94402587, -0.34986404],
       [-0.30504704, -0.6824165 ,  0.3137334 , ..., -0.38067186,
        -0.08755901,  1.18393004]], dtype=float32), array([[-1.79816794,  1.34190226,  2.21200776, ..., -0.758762  ,
         0.85111123, -0.54692572],
       [ 1.24329114,  1.73806572, -0.85954219, ...,  1.87006879,
        -0.12501898,  0.38540164],
       [ 0.14583951, -0.46159914,  0.32126045, ...,  0.20359766,
         0.90167212, -1.54072738],
       ..., 
       [ 1.71713722, -1.71557415, -0.08896071, ...,  0.98127532,
        -0.62834328,  0.87670982],
       [-0.46981621,  0.18832193, -1.67407215, ..., -1.59001839,
        -0.12358978,  0.73667955],
       [ 1.54771483, -0.46439195,  0.81821662, ...,  0.48502848,
         1.70564973,  0.29743382]], dtype=float32), array([-0.20265383,  1.11324322, -0.77282596, -0.49941087,  0.42350915,
        1.09304893,  1.9007622 , -0.19546799,  0.31802765,  0.32684425,
       -0.05313933,  0.44646797, -0.88221854, -0.63049769, -0.88845992,
        0.08972099,  1.03697073, -1.17622256,  0.11424014, -0.87877369,
       -1.2993201 , -0.52657187, -0.25155121, -0.68507373,  0.83018839,
       -0.67682928,  0.55355656, -1.29317617,  1.3340013 , -1.98771155,
       -0.00698549, -0.5811522 ], dtype=float32), array([[-2.63949275,  0.5808838 ,  1.03137898, ..., -0.02484211,
        -0.65174723, -0.46327218],
       [-1.53330314,  0.71318477,  0.59674907, ..., -0.14762884,
         2.15463042, -0.02881855],
       [ 0.05853517,  0.66499501,  1.01590753, ...,  0.88169175,
         0.69257379, -1.25617111],
       ..., 
       [ 0.97423446,  0.54206538, -0.48950049, ...,  1.25889957,
        -1.22579432, -1.50378895],
       [-0.19701153,  1.77612388,  1.26445472, ...,  0.49790382,
        -0.46472123,  1.8983736 ],
       [-0.49858472,  0.91726083,  0.55203158, ..., -0.74357152,
         2.21743298,  1.97763252]], dtype=float32), array([[-0.95361209, -1.37544382, -0.94500583, ...,  1.02047539,
         0.76257092, -2.20191813],
       [-0.92452949,  1.74531114, -0.45066622, ..., -0.13755505,
        -0.25848451, -1.02690077],
       [ 0.54479092, -1.44825864, -0.10398302, ...,  0.41582605,
         0.63402593,  0.67729056],
       ..., 
       [-0.22180013,  1.37319255, -1.18442976, ...,  0.97246826,
         1.72558093,  1.2455827 ],
       [-1.65144694, -0.13806874, -0.78327179, ...,  0.07423838,
        -1.31152117,  1.51282871],
       [ 0.31470627,  0.55188882, -0.59927434, ..., -0.57340997,
         0.50658298,  0.52454454]], dtype=float32), array([-0.06903829,  0.1525654 ,  0.71578503,  1.17568159,  1.43445623,
        0.76105076,  0.38548446,  0.09462856,  1.29611826,  0.59897912,
        0.7917698 , -0.48506415,  0.04649872, -1.27470052,  0.1288337 ,
        2.06041288,  0.73799628,  1.47601354, -0.26026139,  1.27167451,
        0.91835773,  0.04854913,  1.05376542, -0.17682342,  1.22221589,
       -0.54206347,  0.60179633, -0.58483052,  0.86682445,  0.53055495,
       -0.89090097,  0.76038396], dtype=float32), array([[-0.82069087,  0.93056244,  0.04868753, ...,  0.03728601,
        -0.54587299,  0.20980763],
       [-0.39949626, -1.20922542,  0.17260191, ..., -0.96216142,
         1.11569738, -0.10530499],
       [-1.20758235,  0.72679275,  0.02640737, ...,  0.78634226,
         1.89789331,  2.07484031],
       ..., 
       [-0.17850733,  0.87319171, -0.03364447, ...,  0.68625784,
        -1.35574591, -0.26163331],
       [ 0.3537358 , -0.42472875,  0.24300656, ...,  1.78810561,
         1.25242078, -0.59043258],
       [ 1.0379523 , -0.0689474 , -0.43632305, ...,  0.58734941,
        -1.01966894, -1.21097648]], dtype=float32), array([[ 0.89430344, -1.93139088, -1.14113963, ...,  0.48584929,
        -0.27924845, -0.23452353],
       [-0.40716839,  0.88627362, -0.60153401, ..., -0.69835728,
         0.17730927,  0.45758981],
       [-0.38924003,  1.68247724,  1.46600616, ..., -1.7585206 ,
         2.22604275,  0.71399981],
       ..., 
       [ 0.03333936,  0.63178927,  0.13863656, ..., -0.6028797 ,
         0.39455828, -0.87828881],
       [-0.94310755, -0.89295512, -1.22069144, ..., -0.76027268,
         0.57587111, -1.41634679],
       [-1.02837527, -0.70629609, -0.20662941, ...,  2.6015451 ,
         0.97276396, -0.75533897]], dtype=float32), array([-0.16367239, -0.39835581,  0.98602968, -1.37542963,  0.73296726,
       -0.64793354,  0.42311534,  0.26871556, -0.82445884, -0.05391616,
       -0.46436173, -1.11353743, -0.48477048, -1.10889578, -1.78971779,
        0.43084335, -1.72016835,  1.25144744, -1.08020556,  0.13170072,
       -1.03091466,  1.33668113, -0.29286209,  0.36561802, -1.69055104,
       -0.50030851,  0.79634565,  1.05088603,  0.6961357 ,  1.85381711,
        1.0298171 , -0.08003981], dtype=float32), array([[-0.99456483, -1.2922287 ,  0.94838262, ...,  0.40140715,
         0.76871753,  0.05261666],
       [-1.51040447, -0.58457595,  2.06165004, ...,  0.26054865,
        -0.15515757,  0.60632825],
       [-1.18031669, -1.09825647,  1.46395946, ..., -1.15043902,
         0.52644438,  1.78516293],
       ..., 
       [-0.36836082,  0.24159576,  0.69705641, ...,  0.88919353,
        -0.6678943 , -0.36353776],
       [-1.32709789, -1.65981996,  0.22976412, ..., -0.10248196,
         0.65582299, -0.93964869],
       [-0.0760226 , -0.16636458,  0.79303032, ...,  1.50968957,
         0.84518301, -0.4916006 ]], dtype=float32), array([-0.5415917 , -1.19143844,  1.20748746, ...,  0.15937726,
        2.01360011, -1.14847529], dtype=float32)]
