193.532
176.435
191.515
179.888
176.184
194.585
167.077
187.397
166.544
190.951
198.914
158.185
216.28
188.449
190.025
199.452
183.703
189.379
164.781
179.606
142.738
172.121
183.928
175.239
192.139
171.972
174.762
202.172
205.699
174.081
189.909
182.901
176.712
164.251
182.834
206.686
93.6072
176.802
175.731
201.879
164.298
170.167
194.569
189.905
180.109
180.255
195.315
189.081
169.847
188.681
178.224
161.004
169.525
169.893
167.379
190.858
190.986
181.324
192.025
185.58
160.041
176.868
181.585
176.464
157.957
194.995
197.662
189.898
166.971
177.829
182.029
177.51
172.928
166.037
207.717
188.428
148.624
187.382
174.436
161.963
178.314
166.002
184.46
190.561
198.263
181.784
168.133
193.515
188.036
174.062
191.698
157.457
155.171
191.533
166.552
187.649
186.82
188.472
192.468
175.747
176.754
194.961
162.939
208.765
178.963
190.686
179.564
188.691
183.837
173.598
182.965
166.045
184.116
180.969
164.792
192.113
179.716
217.03
197.505
196.093
190.012
173.871
185.282
182.479
189.282
187.895
156.423
162.057
175.944
177.616
160.524
186.843
194.923
191.387
181.697
179.979
219.259
191.375
203.145
179.733
185.669
187.849
182.748
178.106
154.547
190.773
193.509
179.77
198.246
183.041
189.372
175.589
171.433
155.241
199.811
166.177
194.222
188.487
179.867
173.186
199.343
195.377
152.146
166.852
173.841
188.33
182.038
186.521
185.321
172.696
192.866
193.932
190.509
204.066
203.962
155.364
152.239
181.429
175.593
167.557
183.698
184.273
202.459
172.983
176.544
190.463
161.487
170.177
186.653
176.774
179.722
196.12
207.737
211.521
177.847
184.341
161.304
184.273
180.67
176.292
202.484
157.371
168.39
200.285
179.284
183.683
200.321
192.221
170.513
181.623
191.473
190.256
156.182
182.298
153.865
165.333
197.692
183.953
195.613
178.922
177.967
192.316
186.032
172.785
179.686
193.755
159.281
192.323
175.901
188.296
175.761
171.649
173.43
175.664
180.899
158.813
176.26
176.482
165.312
170.321
205.278
177.694
175.32
184.891
181.35
171.734
200.583
175.371
198.696
197.661
172.143
169.507
188.506
176.614
184.207
197.219
182.738
174.838
194.481
187.517
182.67
162.791
174.476
191.522
167.648
164.751
174.76
186.811
159.577
164.802
171.951
208.601
187.982
191.099
192.867
167.508
179.323
185.443
195.047
190.396
177.607
183.289
184.49
167.173
150.209
113.214
195.656
189.973
174.764
193.728
186.232
178.687
188.776
174.292
192.471
163.431
141.089
173.625
213.513
221.507
155.823
189.908
185.883
180.041
198.952
171.9
192.147
176.45
194.451
161.063
157.054
200.614
156.391
175.189
184.917
181.397
181.479
167.368
201.218
153.982
167.649
170.315
200.807
177.969
196.613
171.688
134.453
191.894
167.984
183.584
192.176
190.469
170.924
187.546
201.529
161.137
178.8
181.848
158.284
174.581
179.107
187.952
183.941
180.989
196.879
163.839
144.686
178.368
179.815
182.655
196.962
190.356
196.019
194.062
169.663
186.388
186.304
166.64
194.206
161.352
190.312
183.715
204.702
189.548
187.489
195.419
187.639
184.664
167.121
199.299
193.797
183.356
203.309
165.064
210.204
170.201
182.965
191.141
204.257
174.756
204.678
171.649
169.774
187.508
192.85
199.767
174.834
188.338
174.389
195.65
177.366
171.806
191.27
173.704
188.47
163.159
202.162
192.475
173.984
180.572
188.217
196.897
170.147
158.77
164.496
184.831
173.998
193.93
195.391
176.122
195.642
183.917
172.637
183.295
181.493
183.891
180.216
190.941
185.044
163.965
210.969
175.605
161.531
174.133
178.232
188.544
183.199
177.171
164.798
187.592
198.103
159.375
182.542
160.853
166.677
159.535
185.995
200.696
175.875
172.523
190.367
151.749
177.854
198.24
199.731
197.027
172.583
207.028
186.239
188.981
191.976
195.206
175.997
177.99
183.649
224.14
202.493
178.9
194.529
177.036
169.645
180.059
179.334
191.881
159.286
202.641
182.437
175.054
171.212
191.08
187.658
168.342
202.67
178.295
167.951
191.857
157.063
189.071
192.668
176.504
159.186
180.594
195.844
180.083
178.462
204.803
194.558
186.331
179.785
182.286
173.062
204.226
203.882
184.604
192.694
185.877
188.52
168.911
180.913
184.741
182.64
192.058
192.386
171.959
182.904
176.161
208.008
168.463
198.293
191.203
198.139
186.246
182.214
184.164
183.33
199.481
188.096
191.614
207.874
197.723
180.856
159.235
196.123
185.83
177.067
187.728
190.142
191.84
180.923
172.188
156.801
164.585
177.335
161.908
160.469
212.087
180.484
184.192
209.163
180.377
175.304
168.014
180.962
168.46
190.986
193.512
165.488
175.916
173.557
205.309
182.13
194.729
186.478
194.424
182.73
190.389
145.459
202.449
188.276
176.916
161.814
197.728
179.215
197.011
186.581
168.679
169.494
195.011
178.316
168.12
209.91
171.255
194.78
181.956
179.069
164.882
190.275
200.107
186.63
195.885
174.058
168.586
176.182
173.928
176.619
202.395
159.111
164.179
165.063
191.947
167.13
186.781
162.511
175.169
198.664
186.501
188.472
170.256
127.728
177.298
164.069
185.938
177.366
190.277
170.476
182.535
168.483
186.862
197.846
182.935
189.958
179.959
176.706
212.3
171.315
159.345
210.623
189.699
173.18
177.019
175.365
174.374
160.219
172.279
177.954
180.505
205.99
194.943
167.567
185.47
181.071
179.702
185.581
164.677
197.251
160.948
206.003
196.559
170.61
177.283
180.696
196.056
190.086
184.714
170.935
189.6
189.502
178.582
166.621
160.211
196.931
192.752
168.511
197.758
194.604
165.561
184.386
165.395
181.978
196.649
151.096
165.419
179.675
189.939
188.802
176.74
186.981
157.821
229.792
207.883
173.84
179.218
168.242
194.628
206.045
167.296
163.807
183.847
208.209
176.735
179.699
181.136
184.717
201.981
188.672
187.401
168.632
176.354
195.287
209.28
181.437
192.032
201.366
207.408
176.46
188.906
179.194
167.759
199.482
175.835
197.253
166.03
196.606
174.042
183.194
185.057
169.716
179.618
186.981
184.746
163.175
175.709
183.552
165.397
173.255
187.093
183.994
181.989
205.329
183.676
175.899
199.863
178.478
178.476
170.959
192.597
170.414
183.119
173.369
176.561
150.99
183.725
171.704
204.696
185.121
204.927
171.819
157.255
181.228
184.32
163.447
196.313
164.262
160.395
171.128
188.715
186.955
186.46
184.305
199.104
186.215
179.081
177.425
194.389
194.237
162.53
181.505
209.78
201.466
179.148
176.955
160.103
181.813
187.243
182.326
178.297
167.137
162.366
175.523
181.685
184.178
171.864
202.025
176.056
184.405
184.97
153.271
153.514
179.74
182.128
183.257
166.292
174.044
166.026
168.059
179.527
178.366
182.689
163.349
163.935
188.525
156.341
172.104
179.11
175.44
188.306
184.617
171.48
171.639
186.127
186.127
192.869
164.062
193.898
165.477
171.911
179.962
156.449
183.264
195.187
171.768
201.774
191.647
201.583
181.7
201.562
199.503
185.159
200.996
177.94
211.271
170.552
160.526
188.782
172.501
173.406
189.939
187.219
179.348
191.854
155.91
183.587
172.642
205.743
152.827
206.386
179.69
157.598
165.256
161.966
188.408
175.274
188.585
167.268
181.568
196.088
178.147
176.542
185.821
172.792
179.318
181.268
162.251
160.013
201.224
190.263
180.241
177.829
175.062
179.958
188.036
178.632
192.091
181.101
177.421
165.838
187.201
190.096
194.84
158.884
189.268
187.279
179.613
177.646
161.498
185.471
184.791
183.923
164.274
184.434
196.726
191.432
175.213
180.961
192.591
181.484
175.08
201.821
199.739
184.951
157.545
174.253
173.984
173.452
182.08
181.935
187.013
169.858
215.583
201.12
223.402
161.805
153.828
177.98
169.529
205.046
163.693
202.472
167.641
169.517
176.598
172.438
170.566
186.444
185.525
188.845
190.486
169.727
175.162
184.343
166.193
208.251
196.855
167.368
187.512
190.433
165.135
186.765
223.411
185.539
189.144
209.335
179.027
163.854
171.903
169.273
189.643
187.561
160.239
203.239
186.045
197.522
161.069
159.461
199.282
180.793
167.84
186.168
162.994
181.666
180.048
206.435
211.705
171.23
187.146
183.727
186.005
200.591
177.829
161.894
179.805
188.811
196.921
166.21
195.502
169.518
168.06
181.909
179.937
166.498
174.375
187.111
175.996
199.986
221.121
193.748
188.613
176.695
187.717
165.341
184.536
182.156
159.395
177.055
217.006
182.486
192.194
189.01
198.304
191.78
180.224
187.431
165.163
181.034
182.365
191.093
187.219
188.333
182.397
204.067
172.137
196.385
179.951
189.684
159.486
183.962
183.448
201.861
202.306
160.442
186.307
187.791
194.711
166.083
189.795
178.645
190.37
196.488
174.393
204.23
162.396
183.194
164.916
188.002
185.11
161.408
197.683
185.901
188.757
180.925
169.022
194.279
183.049
195.387
186.392
156.755
192.254
182.159
184.112
198.563
188.285
157.627
170.439
191.595
175.088
201.458
178.71
194.451
141.893
180.274
195.011
177.242
209.108
203.015
202.223
179.446
187.858
174.384
165.426
193.461
201.19
190.584
183.571
176.976
194.326
187.293
178.461
180.264
179.096
183.24
186.314
170.526
193.001
200.577
174.061
186.994
184.702
175.92
176.285
157.018
201.514
190.68
201.933
178.464
178.793
190.937
179.841
202.633
195.178
178.262
192.963
180.226
173.156
200.502
189.089
176.911
167.812
208.372
157.231
201.956
193.228
162.956
165.891
172.599
184.775
181.686
185.357
193.175
184.019
168.053
176.808
211.811
171.317
203.524
177.464
197.084
171.597
179.771
187.169
203.094
160.869
172.886
177.839
190.665
168.515
182.482
170.189
204.502
163.043
187.878
185.705
190.557
173.216
192.291
189.052
179.088
182.681
170.674
166.766
203.268
192.444
182.288
175.354
185.191
159.145
190.84
213.743
137.978
186.845
182.487
188.51
174.529
195.634
187.532
177.422
209.422
193.366
156.085
206.284
169.244
183.954
174.537
188.991
181.128
203.195
187.288
181.627
164.595
185.502
185.551
185.248
188.058
199.803
191.838
185.717
189.323
187.788
163.638
189.439
188.827
183.807
200.283
195.478
145.793
182.621
182.925
163.992
173.309
167.166
170.883
188.332
174.555
185.529
202.47
182.497
185.977
188.672
183.322
189.911
202.713
180.143
181.857
212.055
190.122
175.608
168.928
174.152
179.535
184.717
190.551
191.081
187.077
176.682
176.743
159.919
189.286
190.448
183.887
187.987
160.54
173.221
192.595
173.266
190.607
187.364
189.082
169.896
199.696
184.866
194.341
190.086
183.868
190.384
211.278
204.119
187.752
191.956
207.023
168.695
192.907
219.485
210.226
181.399
163.496
188.131
194.839
147.152
179.471
176.381
181.716
186.876
153.906
193.568
173.33
181.256
180.595
186.55
194.664
181.757
197.226
170.96
182.561
165.992
190.354
184.74
202.149
203.925
163.36
193.619
170.782
187.004
197.101
200.894
200.441
190.766
168.522
189.162
168.317
178.785
194.284
176.644
180.473
183.57
169.433
167.221
183.111
167.678
182.809
189.715
164.512
173.812
168.447
179.548
188.974
197.434
182.763
182.12
183.333
178.026
176.688
194.011
176.038
188.868
178.763
184.703
198.784
176.312
187.11
188.786
193.307
168.774
184.358
178.32
202.269
167.201
184.237
193.397
184.364
169.175
177.451
185.378
189.608
191.829
174.162
182.913
184.889
166.109
200.147
161.478
176.548
170.943
192.391
173.267
174.563
186.925
170.522
183.368
192.668
181.399
175.798
164.75
180.988
161.558
210.254
202.695
162.708
180.194
196.09
161.851
185.883
184.552
189.284
167.972
164.484
176.799
174.206
188.005
196.312
167.249
174.151
196.485
187.674
181.753
187.578
173.473
148.282
170.596
192.819
201.138
203.684
195.441
186.643
189.734
173.232
167.098
168.681
204.54
180.468
170.185
182.355
198.165
169.464
176.351
186.606
169.297
178.296
172.341
177.531
184.974
196.526
182.93
182.891
192.661
189.52
168.814
175.989
190.089
170.834
207.953
191.201
187.029
185.462
201.469
173.56
183.916
182.71
180.316
201.869
187.914
201.051
192.492
158.003
163.951
162.444
173.682
163.756
186.494
175.005
170.89
166.563
167.965
171.464
187.398
192.53
189.568
194.598
193.62
175.565
168.293
181.576
180.899
174.665
157.28
155.537
181.18
172.631
173.877
188.508
195.603
173.58
195.399
176.442
184.399
181.709
183.626
191.386
173.481
164.855
180.532
182.796
169.8
182.868
186.719
199.254
188.914
186.486
190.344
182.276
183.062
179.348
193.861
200.173
192.255
164.95
178.577
162.964
199.419
192.84
191.845
186.652
208.979
181.547
189.661
184.615
186.529
197.431
184.352
173.369
183.178
163.414
187.053
204.382
183.493
183.864
189.532
180.15
190.994
157.178
188.813
184.126
186.279
163.586
180.935
198.213
188.478
180.338
195.32
202.015
171.576
173.518
180.045
194.299
181.55
197.027
204.323
151.602
167.221
139.695
182.377
166.896
177.048
187.023
181.321
177.91
183.993
187.994
183.797
186.713
176.423
174.618
208.819
197.193
181.351
162.942
184.503
168.63
163.202
196.092
168.074
171.295
173.98
165.166
189.985
184.668
208.186
157.787
191.405
162.348
192.971
201.471
212.818
164.08
177.218
159.57
170.574
174.476
195.543
150.111
176.458
189.146
182.722
177.714
183.338
150.564
175.674
171.759
198.981
188.47
177.083
171.044
181.722
187.262
190.485
201.791
176.994
199.366
206.39
195.311
170.83
163.025
177.845
192.894
199.171
208.864
177.261
163.31
213.429
197.413
166.688
198.678
176.388
195.066
196.79
162.614
198.289
188.181
182.999
176.067
191.883
168.469
180.597
178.554
180.562
189.785
146.576
190.107
207.982
177.631
190.59
180.98
175.038
176.956
180.223
178.743
174.318
202.179
181.136
175.915
165.701
188.256
187.406
176.626
155.451
171.887
179.185
205.3
194.337
187.596
181.077
174.273
165.641
154.496
176.112
171.39
185.707
198.675
170.364
189.536
179.358
163.788
173.303
177.477
166.342
189.702
187.579
186.159
192.847
165.281
190.729
203.519
190.205
170.095
181.246
183.663
192.361
189.322
179.278
160.581
194.884
205.434
192.623
169.979
168.16
172.788
185.714
173.584
178.425
177.458
178.222
178.15
172.415
154.037
183.276
182.777
184.928
176.029
183.339
168.35
186.392
180.537
156.476
194.857
197.702
181.536
186.735
161.483
184.563
167.921
190.579
204.162
172.487
196.788
163.846
202.029
191.007
177.376
196.615
169.148
164.649
182.339
180.442
170.012
167.438
84.6652
185.676
163.074
194.938
177.687
172.47
186.824
196.918
196.24
177.127
143.21
190.012
177.287
183.252
171.772
181.299
204.576
184.439
168.86
178.505
198.47
190.34
174.156
189.355
173.235
198.084
218.812
168.026
182.781
182.605
180.305
175.441
215.796
197.217
183.352
168.747
191.485
188.491
189.41
190.481
181.737
194.16
180.592
200.656
194.021
181.764
183.427
175.431
183.79
197.972
176.542
161.615
185.487
159.955
171.825
170.534
172.957
186.578
183.335
165.862
171.696
202.395
179.779
179.338
160.664
204.505
172.049
196.275
179.027
189.881
192.118
181.814
183.431
170.687
190.198
180.809
196.205
190.894
182.32
172.31
187.862
190.973
154.86
183.766
197.071
153.478
188.362
184.417
180.994
196.994
184.311
159.224
187.691
165.863
180.417
166.834
169.497
180.822
183.82
181.118
175.621
170.092
155.977
179.714
186.208
179.307
168.674
185.674
173.269
191.432
177.03
165.704
183.958
194.898
206.62
184.923
181.778
151.75
194.908
188.838
181.309
182.621
180.32
185.726
200.326
178.068
152.961
218.47
177.904
162.753
163.698
191.914
192.787
186.193
172.67
183.418
168.212
176.918
170.034
179.87
177.064
193.513
200.642
166.219
179.16
178.202
164.264
208.068
200.711
160.552
195.253
196.762
178.983
181.409
179.93
201.395
177.062
168.021
171.638
189.626
183.986
179.797
180.348
190.813
177.028
199.862
180.768
204.129
174.789
178.886
162.048
203.121
180.533
181.283
171.3
163.92
194.975
202.213
153.189
174.529
176.881
196.991
174.715
177.549
189.4
208.03
187.161
177.681
171.92
184.089
198.329
166.752
184.887
199.141
205.508
206.226
180.964
169.079
185.768
180.443
175.769
186.942
173.039
163.801
164.323
167.873
191.699
195.588
169.6
186.535
182.688
173.022
189.838
197.947
193.655
207.725
218.94
194.29
169.062
172.915
203.877
192.578
206.967
162.896
188.985
169.501
194.014
182.722
196.663
194.887
174.569
172.724
197.622
184.795
192.08
165.397
190.965
177.15
198.819
175.237
189.48
185.385
180.924
205.326
181.534
171.067
190.29
172.98
173.232
180.631
187.818
182.505
167.665
163.918
181.705
195.216
169.465
166.677
186.778
189.463
173.171
190.742
214.146
185.752
164.03
179.469
173.564
177.368
181.185
189.926
177.791
191.874
211.963
166.945
203.356
178.351
166.684
179.48
172.004
185.867
176.271
172.209
154.996
191.156
189.835
161.375
166.849
186.595
180.146
177.106
174.784
160.64
169.059
197.81
183.17
167.279
200.464
163.454
185.86
188.274
187.768
170.205
192.41
191.73
211.873
198.039
186.802
175.859
194.53
186.644
173.637
165.677
186.571
193.414
164.915
176.65
166.992
187.168
178.053
184.31
187.657
176.839
199.269
188.232
199.341
173.08
200.233
208.297
175.905
164.419
171.401
185.854
178.686
184.186
178.055
189.306
211.198
171.673
186.854
165.411
180.21
208.848
184.544
164.357
191.094
162.008
183.676
185.891
179.509
173.549
182.458
198.866
194.19
185.728
166.319
167.185
200.318
180.811
193.401
168.31
168.953
164.934
172.652
189.476
183.972
212.321
186.54
189.168
190.61
213.128
174.986
169.582
185.513
177.762
192.65
171.406
183.517
189.669
180.041
189.763
150.032
169.749
172.255
180.14
180.482
186.773
181.945
196.882
187.325
160.64
191.409
203.549
163.259
208.753
172.372
179.281
164.984
189.95
182.44
191.494
193.362
168.134
201.651
153.689
198.006
172.83
170.111
199.347
186.02
162.962
193.705
179.656
173.969
160.676
212.774
144.617
195.051
189.39
170.644
180.199
170.593
170.242
178.986
184.022
182.495
161.96
185.882
200.524
176.189
179.853
203.501
153.498
175.236
194.898
195.171
172.943
166.991
171.754
180.944
156.644
194.243
194.507
200.718
202.939
201.64
183.708
208.547
171.457
172.696
182.512
186.463
166.732
161.316
154.451
189.819
196.371
202.169
185.22
195.824
186.423
195.012
188.327
189.93
197.522
167.475
186.254
176.81
189.062
198.615
172.666
182.701
162.542
189.191
188.864
220.004
167.012
179.86
190.303
207.517
199.96
204.869
181.316
184.691
191.835
170.764
175.375
167.61
160.682
213.141
175.51
188.984
170.754
183.468
176.461
204.485
169.607
205.11
169.149
167.605
174.087
193.66
177.899
188.597
167.536
156.151
203.113
180.923
179.218
164.005
166.105
169.55
172.212
176.878
185.627
156.72
165.556
164.355
175.308
188.943
171.385
192.698
176.271
197.033
183.603
173.923
186.801
205.2
151.547
177.071
165.013
173.11
168.086
186.859
184.504
124.915
180.176
160.88
158.274
176.854
198.272
183.742
160.598
188.64
189.548
172.181
212.666
173.14
190.307
165.277
160.908
202.431
169.221
164.247
167.92
185.66
182.478
203.412
157.652
179.775
166.95
185.272
173.901
196.655
191.419
183.364
178.923
181.718
155.125
202.536
190.403
176.108
163.892
188.838
188.805
182.032
198.561
172.561
176.829
180.31
184.455
181.087
172.226
176.623
177.117
203.878
178.255
195.393
171.0
189.73
180.577
172.638
178.79
184.838
185.412
183.06
179.844
165.415
153.908
186.432
174.966
186.618
188.797
162.31
206.019
202.424
190.741
186.632
202.471
172.615
182.962
185.837
182.085
154.411
200.403
178.641
190.21
181.201
160.15
187.432
184.31
163.553
186.496
175.546
179.28
169.167
190.326
188.576
199.847
174.303
184.081
183.106
201.635
200.058
180.494
160.522
197.607
207.624
186.246
197.007
203.259
186.007
179.145
178.654
177.337
193.151
192.12
202.58
171.901
193.25
176.459
174.207
181.285
206.038
191.349
202.475
192.433
169.124
176.424
197.029
176.073
171.28
186.818
175.348
190.751
174.829
185.989
156.504
193.944
182.013
162.763
180.454
198.802
179.753
203.249
205.398
180.699
178.705
164.838
190.902
169.905
167.637
198.944
184.782
176.49
214.952
199.479
177.464
174.662
184.76
176.626
177.576
163.739
151.848
168.877
198.726
202.318
169.396
184.903
179.608
208.218
211.265
210.248
184.817
207.247
169.824
186.358
173.432
166.81
169.342
182.281
182.053
178.9
178.141
167.686
178.296
188.937
197.35
191.707
183.473
166.022
188.953
153.682
194.962
167.63
171.291
209.876
183.125
182.285
178.394
175.507
184.095
188.899
158.875
154.653
187.482
186.561
172.828
178.919
175.613
208.467
176.754
155.651
166.048
199.888
161.672
196.047
159.996
191.732
165.678
198.686
175.135
185.483
195.31
185.134
184.849
212.924
182.815
187.445
182.34
182.128
197.194
210.276
195.761
183.139
198.509
192.877
183.552
181.051
191.931
184.877
199.526
168.208
219.746
185.959
193.13
186.771
195.968
188.236
169.823
191.223
163.099
203.407
180.111
190.916
178.895
199.106
185.07
192.11
210.105
165.123
182.3
193.06
177.164
175.191
196.646
164.619
168.279
186.333
191.793
187.755
169.999
185.382
164.336
188.823
194.841
164.812
188.102
177.882
188.246
191.593
222.966
186.903
199.649
185.933
187.381
183.815
191.035
182.96
197.623
161.794
208.131
193.129
203.05
205.951
214.83
181.997
180.829
187.761
141.644
214.557
186.695
183.85
173.919
190.864
179.595
186.201
182.67
163.998
183.428
195.702
169.966
209.988
163.934
172.816
188.137
195.924
181.176
169.474
167.479
197.258
175.055
205.836
184.009
174.51
189.775
182.596
195.124
191.648
192.801
180.258
176.503
171.573
184.346
238.414
184.205
189.718
170.709
185.992
193.118
185.025
173.504
192.222
167.681
182.8
183.493
183.259
178.185
198.319
185.84
202.713
209.87
173.538
187.519
172.14
192.357
175.502
176.417
191.093
163.597
154.328
165.464
188.296
176.157
181.766
208.218
182.646
166.056
173.783
165.542
194.523
203.265
156.202
206.043
178.381
159.585
177.383
208.388
189.139
160.204
183.114
170.483
171.091
184.711
197.701
199.982
182.658
181.417
177.823
199.602
177.95
210.749
174.336
156.403
222.555
208.278
183.384
196.782
186.213
206.963
201.466
177.864
157.048
177.647
174.102
180.654
147.336
181.194
188.663
207.949
184.787
168.53
176.74
190.472
182.118
186.093
175.876
170.011
198.825
181.368
196.096
190.113
170.705
190.543
199.724
199.46
200.76
160.509
177.351
195.332
166.514
170.202
176.262
180.42
161.702
202.438
205.907
204.433
206.451
167.352
181.814
186.503
177.688
221.111
183.297
179.799
188.664
205.611
157.468
212.751
172.349
168.154
195.681
174.481
193.169
185.978
203.011
182.481
164.841
167.046
175.343
173.967
204.324
183.87
175.695
186.888
203.89
194.761
184.955
188.054
200.868
167.21
169.886
176.159
189.214
180.729
189.066
190.779
190.621
181.618
175.448
185.453
182.664
181.758
215.756
189.229
183.637
177.969
167.436
164.228
155.316
180.743
181.244
186.539
171.245
170.514
185.729
193.683
176.348
153.013
182.054
171.732
180.1
188.074
202.602
173.957
160.914
166.495
170.488
166.128
201.754
192.3
179.99
203.327
181.25
183.391
181.193
155.701
191.612
164.281
203.423
184.124
174.727
181.455
180.04
198.433
213.714
159.158
184.503
182.079
171.776
192.675
186.658
201.824
187.191
192.019
185.508
192.758
186.583
169.714
176.395
185.797
174.91
178.727
183.754
181.231
193.873
185.972
188.226
167.783
175.038
176.056
173.058
197.281
185.765
211.332
165.076
181.53
185.338
195.924
176.131
173.392
197.818
179.318
138.851
177.331
194.185
186.735
184.306
194.936
197.951
182.46
203.7
196.615
159.28
183.482
197.261
170.941
183.367
188.033
197.823
160.635
173.207
183.641
173.004
201.566
182.223
170.717
187.753
194.652
163.411
178.776
199.431
185.171
175.25
176.273
209.052
197.593
205.492
179.438
181.549
184.333
167.432
192.465
174.479
165.843
181.273
185.902
171.635
177.483
164.634
182.848
183.82
191.431
170.922
195.961
179.414
172.81
179.928
184.412
191.862
180.804
200.654
169.654
167.508
169.658
170.84
171.921
182.711
182.432
167.258
183.142
209.128
203.378
183.162
182.14
168.34
192.516
176.974
184.464
164.751
163.806
186.839
180.697
190.708
188.146
162.182
174.531
184.633
185.066
189.068
175.673
174.525
200.828
162.617
161.401
191.071
182.241
197.537
181.355
164.648
189.466
175.033
161.116
207.678
195.771
168.378
182.545
167.716
204.537
155.821
169.405
180.271
194.913
211.04
197.009
183.42
200.513
170.529
164.626
187.825
180.058
175.26
184.254
179.085
178.461
203.191
182.033
211.629
174.411
188.972
178.653
187.406
175.094
174.985
185.835
179.132
200.365
167.306
196.601
183.855
183.06
179.078
182.127
185.701
188.52
184.76
162.438
179.378
183.239
191.131
192.253
173.559
185.539
165.374
190.836
195.225
197.625
175.747
190.143
193.072
212.375
189.774
215.909
186.442
187.358
177.011
202.087
170.105
214.364
179.995
153.353
171.271
163.29
152.892
170.547
198.776
208.647
169.854
192.305
182.916
179.287
187.255
193.55
159.996
158.232
167.712
179.86
177.873
187.368
185.269
189.377
194.864
179.844
159.657
188.146
192.802
172.736
175.968
182.56
199.989
172.204
176.683
161.488
199.359
177.538
169.137
179.005
162.324
177.88
181.55
183.14
175.303
157.032
175.24
181.816
168.835
197.296
200.702
187.758
176.197
214.855
174.441
169.737
187.431
172.276
187.941
184.842
192.238
174.345
177.953
185.463
191.546
173.257
166.215
161.464
198.37
218.021
189.518
181.599
189.559
191.155
182.758
165.309
175.508
189.486
167.578
190.266
182.133
183.72
185.706
176.768
184.056
190.873
199.301
190.409
188.495
169.748
176.415
197.175
162.403
176.509
174.58
178.797
165.582
183.962
156.519
180.174
178.457
162.013
181.494
182.212
170.875
197.179
191.401
196.314
192.098
174.752
181.384
163.133
203.649
178.074
181.546
195.623
195.44
193.4
188.498
186.908
188.241
181.286
167.695
189.013
190.217
172.762
159.65
192.235
175.922
177.571
204.523
154.215
172.677
179.844
163.476
187.662
177.363
195.081
179.194
196.041
184.052
188.763
200.162
180.932
167.799
155.592
186.726
181.074
168.938
170.153
178.771
180.732
176.636
177.397
162.533
199.169
182.726
188.635
181.989
182.355
168.697
174.802
173.441
159.113
186.196
165.743
194.805
182.317
192.131
181.779
203.344
165.402
222.975
175.696
177.063
183.659
186.458
181.351
177.111
179.235
194.836
172.519
180.638
155.013
180.814
173.487
172.944
184.54
177.306
168.268
153.764
183.238
185.288
171.618
172.268
184.92
189.675
189.925
177.684
164.575
216.444
192.062
194.476
167.02
168.987
190.984
175.7
190.094
176.739
207.72
194.443
191.524
186.283
184.745
194.49
177.637
172.228
202.797
188.085
190.841
192.387
176.295
169.383
183.189
175.202
180.106
178.484
164.513
186.314
151.119
194.154
188.888
154.365
193.792
187.134
192.675
185.387
177.281
169.144
175.649
148.026
185.578
176.598
170.295
188.446
185.85
173.761
180.964
177.262
166.906
200.059
179.055
188.827
156.311
187.945
172.199
183.804
180.74
161.453
167.95
155.868
178.246
163.771
172.7
208.518
161.605
175.1
194.494
177.627
191.753
195.708
157.81
171.836
199.58
192.74
193.471
160.421
185.112
195.523
175.574
188.352
178.756
190.146
168.224
176.999
165.16
162.747
171.362
150.287
202.425
222.212
162.843
196.698
190.137
177.014
179.313
182.843
199.809
182.913
173.695
195.468
182.656
186.746
172.623
131.356
183.285
193.611
158.401
162.774
176.986
156.098
165.099
162.273
182.119
158.791
165.808
172.952
181.925
189.914
171.822
220.736
195.091
189.39
205.503
160.11
182.699
163.731
189.055
195.956
172.49
179.573
182.917
184.502
194.513
191.202
176.694
185.668
186.169
182.007
166.92
174.858
172.227
203.569
172.286
188.149
176.458
179.981
204.498
186.336
163.172
179.479
186.024
183.912
197.584
179.361
189.765
188.113
201.093
180.536
188.985
173.954
168.175
181.766
173.141
177.389
206.081
200.77
179.362
178.264
190.115
173.661
183.467
191.105
185.341
179.505
175.678
183.893
187.172
167.985
199.027
196.493
170.607
198.152
177.651
194.831
193.345
184.414
174.73
175.774
182.019
156.743
190.075
184.011
168.462
183.887
188.93
187.841
174.321
171.694
184.367
201.384
173.694
191.797
176.76
191.605
162.155
185.67
196.923
160.386
177.156
170.979
190.243
175.347
172.782
199.465
184.548
191.799
167.412
169.524
197.4
209.863
200.412
188.772
185.469
167.823
178.139
195.227
160.491
200.71
179.154
218.721
185.986
192.177
176.983
175.034
194.888
197.988
178.323
201.835
168.731
182.662
175.842
184.266
170.833
159.665
170.67
184.689
200.498
181.301
200.156
172.318
190.027
189.735
200.018
176.482
179.843
173.51
145.92
170.035
190.356
185.337
189.878
183.807
190.865
194.249
176.223
196.993
187.142
171.497
175.158
153.389
182.475
180.249
186.309
165.51
174.529
199.332
176.301
188.721
194.236
168.068
159.705
171.16
182.938
212.054
174.187
204.247
174.767
180.695
204.927
152.258
175.998
183.128
184.575
193.715
176.432
206.981
159.929
201.52
172.259
176.822
175.293
187.267
166.953
176.454
165.417
173.577
182.744
191.186
197.296
185.099
183.145
191.758
173.768
172.603
161.714
198.705
175.378
194.73
193.239
170.281
179.133
188.712
197.315
196.542
179.456
171.003
186.895
174.203
193.002
173.208
176.132
180.338
166.285
208.808
165.99
198.14
175.818
184.288
206.149
205.948
171.289
184.78
169.161
166.928
187.627
156.171
185.505
176.606
184.622
205.571
152.975
184.421
193.453
168.132
196.752
177.286
202.802
193.6
179.492
201.194
195.311
183.113
193.896
177.138
179.521
196.705
174.75
186.722
182.214
171.615
179.654
179.7
204.601
177.609
167.65
186.971
173.877
187.095
179.786
171.926
179.91
209.636
188.826
197.598
199.483
177.179
209.541
178.106
184.671
192.754
189.832
182.142
192.872
162.82
167.136
145.099
174.35
187.518
179.887
159.156
165.715
174.35
178.603
190.664
168.491
177.936
181.049
187.792
195.162
171.627
161.784
181.23
162.365
181.853
193.77
186.519
198.809
177.782
176.077
168.485
188.169
200.169
166.08
194.023
199.419
200.765
179.724
157.704
164.05
185.186
178.581
173.547
201.101
185.917
174.962
172.522
183.123
173.638
165.319
180.03
187.267
178.432
174.606
181.788
196.373
192.467
164.979
157.941
192.278
197.807
171.346
187.106
167.631
177.928
166.27
207.817
169.671
183.431
191.051
172.589
199.598
194.477
191.205
180.08
191.93
177.771
179.626
189.874
171.951
195.626
168.597
187.931
175.858
162.019
218.848
164.907
198.123
170.59
170.344
204.921
173.04
182.687
191.646
178.469
200.237
193.573
175.211
192.476
176.283
197.075
204.649
189.081
187.926
187.713
200.034
183.34
184.438
177.571
172.382
174.861
176.92
168.935
200.2
180.627
169.047
191.56
182.872
191.276
174.699
187.574
169.266
196.548
164.559
173.919
176.926
170.384
149.104
195.691
192.094
190.906
152.328
171.411
172.316
210.657
199.213
174.04
187.599
188.284
170.645
182.256
198.148
209.42
182.706
162.715
184.166
160.943
196.862
201.543
193.312
178.785
188.836
204.708
178.817
185.752
182.473
180.571
182.212
162.952
167.045
164.05
163.896
226.091
184.286
177.409
174.061
183.22
184.468
170.031
177.653
180.381
176.717
190.876
178.546
176.557
196.866
161.375
190.643
195.481
206.314
174.489
187.67
172.481
186.781
182.693
170.651
189.206
179.49
195.645
178.853
181.736
181.227
209.433
194.058
212.857
195.505
201.615
196.399
193.621
186.184
164.717
182.855
198.685
190.736
186.417
179.419
178.282
156.817
188.663
175.784
197.304
177.441
179.597
186.79
193.229
185.05
209.503
201.035
195.938
171.298
185.097
187.563
165.209
181.835
190.483
219.153
185.175
179.146
195.476
171.82
209.194
175.483
186.266
179.659
169.721
167.809
176.737
180.5
158.165
163.761
190.156
185.311
172.6
185.933
170.771
170.121
168.194
179.229
170.619
163.71
170.824
189.961
165.758
206.313
185.935
185.267
163.041
180.926
153.225
197.262
175.765
189.449
173.395
182.431
195.958
184.737
216.463
191.789
196.262
195.495
198.035
198.513
183.617
167.15
212.8
160.625
178.535
198.091
196.266
163.152
172.722
192.726
168.788
186.199
203.714
181.84
162.539
189.696
172.283
179.721
176.796
169.593
169.945
190.328
171.222
181.18
199.633
171.66
176.702
175.517
198.658
179.325
175.683
178.245
198.908
196.618
171.166
193.287
187.508
179.682
163.178
180.457
173.84
184.901
189.746
177.42
174.323
181.153
205.379
170.333
180.46
170.765
185.37
182.637
186.554
156.043
186.015
187.318
178.602
185.82
187.881
201.874
186.491
181.621
178.079
165.694
172.604
161.389
179.851
188.029
181.238
165.716
179.405
176.665
160.574
186.138
208.123
161.74
166.604
171.088
154.1
174.252
182.308
149.949
182.232
196.419
176.714
187.602
179.678
185.961
199.29
174.134
177.94
155.946
156.143
197.22
169.928
190.285
169.29
197.809
200.283
192.734
186.208
191.156
157.071
156.194
184.699
192.014
177.269
184.006
179.511
181.206
178.738
159.307
184.755
190.853
173.087
156.853
171.202
194.525
207.81
164.101
213.182
166.705
198.279
166.925
188.54
177.53
203.718
171.013
180.128
190.698
185.335
168.871
184.548
149.493
198.058
176.114
157.601
172.775
191.077
187.039
167.698
183.771
177.516
179.709
140.809
186.261
195.863
155.967
187.119
186.978
170.363
172.743
186.055
192.427
180.914
184.587
188.899
165.151
178.083
175.563
193.357
203.954
181.566
168.281
184.598
200.157
195.669
191.822
183.218
192.843
206.929
203.258
196.986
177.525
187.866
188.85
170.677
193.456
192.981
194.185
195.881
164.467
161.469
180.244
180.334
163.102
179.828
191.904
168.875
187.03
181.048
175.089
172.891
201.411
179.788
194.753
178.355
154.772
183.379
181.835
188.334
167.321
175.164
180.944
189.908
184.003
180.761
185.407
182.349
169.541
166.221
203.862
164.436
177.542
178.791
189.868
188.35
187.23
173.974
179.741
181.155
194.605
181.279
184.205
184.93
185.6
177.491
200.286
161.561
203.174
153.379
189.301
168.779
178.06
170.155
208.322
169.612
175.328
192.626
180.657
170.142
174.519
172.761
189.083
179.973
174.967
179.776
172.697
182.603
188.328
182.397
155.66
173.484
185.261
186.475
178.736
175.35
180.47
194.083
178.138
200.217
185.319
176.752
195.482
154.72
176.961
175.716
170.45
185.932
193.874
170.052
191.323
177.909
185.15
181.901
192.263
198.708
184.204
170.549
216.844
179.65
180.373
184.473
194.327
203.111
194.572
182.711
187.281
181.391
165.9
174.199
193.888
199.088
184.313
156.868
156.686
179.682
184.907
199.716
174.343
209.252
209.119
181.153
157.124
163.612
182.282
190.509
179.598
168.032
180.633
170.526
208.082
203.828
186.234
185.276
184.238
170.901
205.45
160.301
201.885
196.306
189.117
156.451
190.003
200.227
195.011
179.797
166.247
180.756
179.493
172.881
180.583
170.936
188.304
185.348
159.252
201.544
196.019
187.798
192.538
192.397
178.094
213.562
188.042
214.134
172.955
205.099
176.447
187.455
181.412
158.528
167.52
170.444
194.832
191.766
171.575
190.976
191.379
160.244
174.947
173.716
171.175
190.509
183.84
204.255
197.056
160.256
167.785
190.621
173.946
180.596
190.794
169.678
178.009
205.241
171.952
160.576
188.667
170.113
184.175
174.044
153.817
154.555
180.465
201.982
196.088
184.011
176.686
206.221
192.4
179.34
172.254
202.438
171.271
173.475
175.046
198.708
179.103
188.18
191.198
161.415
194.612
182.894
176.592
209.056
185.246
200.681
202.741
191.213
183.36
179.363
167.83
179.579
177.725
177.607
183.361
166.716
181.24
168.152
194.458
200.344
181.138
207.185
179.152
194.284
172.327
191.918
169.957
196.657
165.715
178.899
181.252
164.254
182.193
191.677
158.205
179.465
181.255
196.152
174.011
184.638
172.537
174.342
197.816
194.419
189.703
176.924
176.355
163.707
183.079
183.676
189.89
199.456
183.557
200.536
183.368
200.652
200.131
176.578
157.195
200.781
168.543
189.366
179.733
157.935
178.276
208.356
171.946
204.373
168.456
171.842
186.569
211.473
178.488
185.362
181.072
174.029
201.385
197.939
178.19
186.902
183.444
190.637
173.911
173.347
185.186
181.3
191.169
209.584
183.681
194.277
204.42
184.633
190.291
159.132
188.832
147.415
182.859
202.349
184.251
198.959
161.766
208.413
185.844
151.495
191.118
173.903
205.103
169.653
169.494
188.724
198.169
180.935
192.497
191.543
195.577
207.993
162.357
182.405
179.251
182.775
183.207
179.011
174.855
175.299
200.975
181.138
173.015
160.006
183.304
201.338
190.213
176.214
180.487
187.123
180.321
151.365
195.573
181.688
164.952
170.334
170.3
171.793
190.131
202.172
180.156
172.859
182.602
167.781
207.952
166.878
181.498
173.468
175.477
193.281
175.652
206.417
189.819
184.779
175.549
174.191
190.032
173.927
199.579
184.984
174.581
202.858
190.529
172.44
189.251
176.539
186.904
179.934
193.653
180.675
204.977
196.508
190.342
178.747
182.451
189.049
188.106
193.659
175.906
155.358
171.708
192.145
167.861
172.488
177.643
189.922
175.515
180.074
166.483
158.502
197.226
180.444
176.896
170.032
186.467
190.478
180.416
199.154
184.554
173.406
198.436
178.531
179.704
144.058
187.668
162.548
173.434
182.873
206.098
190.553
199.695
189.439
172.603
170.33
168.24
190.878
187.066
192.463
166.019
181.612
214.647
149.046
196.533
199.394
150.876
178.173
190.603
200.038
178.086
186.835
185.345
174.347
190.091
182.906
176.395
178.025
173.292
182.365
185.603
145.264
198.919
177.013
192.956
164.474
176.46
169.637
177.966
188.698
201.548
169.238
182.338
188.988
182.641
173.691
162.662
176.774
175.478
188.762
177.693
166.8
209.938
177.198
184.927
198.946
163.383
178.01
167.535
173.905
182.326
194.538
167.188
180.647
167.506
184.073
191.652
173.402
193.116
184.148
187.017
187.165
178.654
186.13
183.843
151.859
166.44
187.863
167.658
187.699
188.554
195.342
177.801
174.329
166.231
187.475
191.499
182.449
175.27
203.518
172.729
182.47
183.287
179.675
186.911
196.458
180.647
191.928
190.905
199.573
184.488
180.783
183.973
177.677
218.608
184.152
163.191
170.624
177.844
185.863
191.285
173.981
201.839
190.738
161.092
187.542
169.234
165.089
183.96
185.277
209.391
146.117
188.716
173.409
179.448
173.63
178.92
209.225
184.133
194.373
182.905
174.193
191.453
168.503
172.018
200.207
144.277
192.849
193.4
186.211
195.789
195.143
212.478
192.717
181.638
167.092
191.32
148.448
188.384
186.78
188.898
201.54
178.337
198.544
183.364
200.483
165.366
202.288
188.151
188.014
177.073
171.554
187.293
157.478
161.066
182.808
191.456
185.21
194.065
181.309
191.481
174.116
163.841
201.919
167.775
185.613
189.068
190.08
172.137
172.735
180.137
191.296
157.827
197.314
177.442
215.365
190.671
197.974
193.913
199.033
187.876
195.397
191.541
161.121
175.074
180.604
183.253
143.494
190.415
173.574
198.924
180.397
203.616
184.417
196.669
190.399
196.859
151.143
178.147
184.905
187.682
205.695
180.555
170.85
193.921
189.827
164.939
162.233
201.801
161.563
167.702
181.299
173.189
192.109
184.154
165.368
187.487
183.18
147.017
182.925
179.551
173.257
169.171
199.791
197.37
165.001
167.067
167.516
181.067
176.169
197.157
182.423
187.026
180.15
189.34
182.739
176.711
171.411
170.297
190.8
184.461
178.63
184.511
199.85
141.554
192.944
157.646
197.056
196.574
193.35
203.207
182.248
185.192
185.125
182.898
155.539
170.247
170.602
192.799
190.052
202.705
163.218
163.525
166.022
175.893
198.576
168.782
164.345
209.467
175.703
153.791
189.117
203.735
180.875
188.755
166.348
177.427
200.19
169.042
178.651
188.821
181.462
183.2
194.109
176.821
177.807
174.588
194.955
182.23
208.216
227.687
192.402
203.222
177.293
164.195
182.819
189.868
205.514
205.79
188.01
233.127
186.162
172.674
162.129
183.314
167.196
172.007
186.303
198.884
195.712
175.726
189.437
163.966
179.468
172.319
196.939
176.88
194.272
187.765
189.877
180.871
187.155
153.254
206.226
178.229
195.279
162.742
187.559
195.146
193.118
187.45
212.317
180.026
168.436
181.132
179.501
154.993
174.42
170.409
159.519
181.414
186.449
167.445
181.287
146.66
176.089
163.824
181.178
183.543
185.525
194.217
197.576
173.784
163.128
194.906
184.652
192.635
159.188
160.199
180.116
161.06
179.022
181.276
163.089
190.968
182.291
177.778
181.483
193.819
171.395
185.052
196.94
160.756
177.2
159.79
208.444
189.518
167.766
179.633
171.51
193.813
175.999
183.084
191.556
184.298
190.016
227.918
185.371
185.934
186.777
175.93
176.237
174.166
181.068
204.006
179.108
176.461
166.452
175.532
171.861
168.682
180.116
186.114
181.323
175.578
172.2
195.823
164.35
186.098
193.514
185.088
174.499
165.398
181.415
122.914
185.143
184.622
184.27
206.171
168.869
166.395
160.71
171.657
169.396
195.548
174.161
176.775
192.836
168.268
192.033
178.452
182.492
207.045
176.275
189.098
195.303
195.293
194.232
167.032
175.711
189.163
195.026
177.548
183.871
204.105
204.39
175.375
187.931
180.637
172.582
184.045
193.034
184.472
190.066
192.658
154.821
182.347
177.929
170.315
187.623
171.783
175.442
175.545
173.986
153.948
173.048
137.003
173.8
194.463
179.843
215.096
151.538
190.231
201.698
204.756
204.303
202.164
178.289
190.008
212.828
150.976
170.774
184.608
173.531
187.123
203.86
185.178
156.885
163.265
191.734
174.882
196.277
185.686
164.377
174.939
169.634
171.33
158.47
161.993
199.141
178.379
202.922
172.629
193.142
196.275
172.939
161.999
180.819
191.332
155.022
186.033
171.328
185.462
192.44
196.671
215.828
174.831
172.024
176.625
174.081
183.675
171.249
180.567
182.592
161.709
202.354
172.904
159.069
183.838
182.406
219.507
163.83
183.229
156.981
193.855
187.112
192.499
176.309
169.066
172.049
153.769
169.905
197.542
187.9
189.152
179.622
206.111
174.844
174.238
184.84
192.492
186.705
168.995
182.735
160.591
168.992
198.391
203.322
178.578
171.317
175.168
196.334
179.255
202.419
172.539
176.092
187.8
179.725
189.932
195.608
182.207
174.817
183.274
205.163
177.768
204.762
184.496
180.335
199.997
172.706
159.572
190.526
165.719
171.392
182.573
208.803
197.333
195.29
203.219
165.451
180.705
179.341
190.141
168.846
200.498
168.763
181.995
164.261
179.863
178.288
168.873
166.447
178.578
198.04
172.795
201.623
183.176
165.984
199.415
204.189
184.561
178.179
199.402
187.706
188.367
188.588
167.051
197.624
178.12
180.964
188.418
144.024
211.006
171.678
199.562
197.396
166.184
187.851
207.018
172.372
186.536
166.318
192.626
185.357
162.05
183.846
196.915
180.1
177.269
185.067
160.753
183.75
174.912
179.761
197.271
196.206
164.038
182.475
167.222
189.211
175.562
173.58
177.67
206.682
181.821
164.827
159.347
160.241
193.963
176.045
190.076
189.335
192.98
150.922
187.91
182.509
177.093
201.855
147.493
183.631
186.537
198.219
178.6
183.285
178.643
207.448
176.391
176.425
209.764
164.924
178.198
161.754
189.395
189.187
179.02
187.036
166.138
184.47
194.492
185.292
169.117
145.848
174.138
162.719
172.172
160.699
168.213
175.204
184.907
189.407
185.494
155.286
157.419
164.235
192.654
217.408
182.897
186.947
177.28
168.677
187.977
183.209
193.985
171.876
176.629
191.747
188.788
187.418
177.853
181.016
164.569
193.465
211.309
166.214
209.941
168.159
195.748
173.941
199.609
197.689
184.426
173.353
185.823
160.661
185.744
180.25
171.847
208.905
170.814
167.077
172.331
178.87
188.468
188.678
182.505
179.191
191.261
181.86
187.171
201.316
168.732
180.204
172.211
166.349
155.313
175.58
190.672
184.843
161.811
161.272
185.524
204.829
197.441
188.601
180.174
169.617
196.543
174.025
170.494
207.967
182.937
171.387
201.787
169.792
181.119
164.727
176.079
187.415
176.505
189.94
176.049
172.105
195.129
176.552
188.565
191.642
172.155
178.674
187.087
173.063
154.656
178.07
191.503
184.212
176.254
211.782
183.35
177.58
187.575
180.137
185.203
186.641
170.88
194.203
167.614
192.403
185.768
182.019
196.101
168.974
193.953
192.58
214.603
187.54
201.384
202.477
183.197
182.508
147.399
181.995
190.491
179.501
194.877
195.132
181.094
162.011
169.427
184.664
183.146
173.282
187.815
201.967
163.386
188.166
194.719
149.191
180.563
173.254
181.14
212.675
184.848
184.667
142.485
173.185
176.733
179.135
186.69
166.573
155.949
171.144
184.493
166.648
190.968
189.835
149.442
186.667
185.201
178.196
202.838
192.23
191.992
200.017
156.485
186.986
180.08
174.953
183.137
186.796
186.814
185.161
173.971
202.911
205.772
177.738
172.476
157.31
191.918
196.894
174.931
173.331
163.37
187.406
181.721
201.287
187.97
191.787
194.893
178.101
173.89
163.812
191.684
174.881
174.027
183.213
174.998
172.162
187.24
198.982
191.724
145.79
189.262
186.335
208.102
175.669
150.63
171.808
192.193
199.889
181.414
178.079
163.271
190.038
164.988
158.032
182.125
168.149
153.078
170.008
176.26
197.56
171.995
171.684
176.192
193.919
181.817
197.413
153.425
199.493
167.088
192.487
191.916
177.22
193.748
161.976
187.122
159.674
177.575
181.009
188.174
176.834
183.021
171.709
215.692
162.341
180.15
171.228
190.665
191.702
184.905
206.766
186.007
200.931
169.068
195.719
199.426
208.792
192.9
211.298
171.377
200.035
198.0
173.942
169.596
190.229
215.456
157.781
160.371
163.907
182.155
182.015
161.625
184.359
191.839
194.469
191.271
197.238
167.992
188.306
176.785
159.791
191.491
188.237
207.263
190.846
171.936
176.134
177.504
175.179
175.857
180.55
200.186
199.999
180.333
166.675
192.509
179.133
178.976
198.14
180.329
185.33
165.105
197.919
184.32
174.361
162.149
175.497
179.443
175.298
173.831
169.275
173.482
179.796
185.029
189.473
201.819
191.634
182.796
195.676
162.991
174.57
187.879
181.598
183.388
181.079
180.84
171.063
181.907
185.616
173.679
197.914
197.496
170.714
185.652
184.9
177.09
173.983
169.078
208.913
174.511
183.956
173.684
188.704
202.632
189.512
220.708
186.126
167.632
169.815
164.643
206.766
181.177
180.675
178.169
195.159
183.307
193.845
175.589
184.569
157.82
179.639
187.017
181.199
176.036
164.169
168.55
191.971
170.345
191.468
193.557
164.343
193.797
177.016
191.004
181.357
183.855
171.632
182.545
195.174
189.686
168.358
197.285
184.797
172.574
176.152
178.461
179.676
179.255
172.434
167.395
160.99
171.577
161.12
178.804
181.111
165.276
192.872
162.865
198.798
190.238
172.091
187.9
158.257
180.349
175.985
201.956
181.393
180.688
213.493
172.33
199.511
187.246
185.407
186.117
219.669
203.356
160.014
191.698
207.415
184.404
202.557
175.433
172.972
235.154
161.669
178.503
178.388
206.084
162.576
196.457
220.822
154.95
194.185
192.804
163.716
171.215
174.773
179.409
194.52
171.015
181.96
185.409
169.426
192.526
183.459
190.774
140.842
157.619
179.346
180.193
211.977
175.317
200.887
199.282
190.234
181.838
168.206
186.757
188.038
194.318
177.213
181.95
169.689
181.593
186.704
162.358
180.67
188.837
162.214
180.808
207.257
189.263
145.389
186.612
176.59
187.202
184.941
172.795
160.732
186.546
196.523
184.04
184.462
168.279
188.183
189.978
175.595
181.939
198.625
180.081
172.507
173.174
163.321
173.076
165.443
176.667
154.385
190.581
168.191
187.417
174.78
181.713
196.81
185.248
185.061
190.618
182.157
189.113
222.85
192.312
169.206
201.953
167.898
193.281
189.444
166.271
164.265
174.534
165.546
206.324
179.103
161.777
166.485
166.553
176.819
162.601
170.357
181.868
191.807
153.693
169.343
196.015
191.585
165.609
175.636
187.175
170.382
192.36
172.787
182.374
184.876
183.692
196.038
167.664
204.169
177.948
175.147
180.947
180.702
127.23
175.424
164.216
169.176
179.861
177.045
172.815
195.78
180.668
176.861
208.77
183.3
150.944
175.416
197.176
175.02
170.332
183.959
180.422
172.789
180.805
182.412
196.702
161.275
156.542
167.909
189.652
174.026
179.594
174.461
201.976
189.895
133.347
186.831
196.564
188.198
191.42
174.527
201.047
168.793
180.447
182.441
177.727
177.689
183.29
183.676
173.419
168.144
193.577
176.29
208.945
167.375
191.089
181.954
210.202
184.173
175.496
185.324
183.813
178.077
173.55
186.997
189.54
201.954
185.703
184.957
178.157
175.958
196.496
181.103
189.335
178.739
183.816
192.218
166.185
157.65
169.783
186.384
202.202
181.501
158.402
176.703
176.128
184.577
177.352
157.463
199.076
184.156
162.533
176.156
182.981
189.404
184.928
168.622
199.859
183.611
176.826
183.884
191.532
205.297
173.157
166.961
166.044
170.039
157.086
173.376
160.37
159.244
175.681
169.486
200.679
188.773
173.697
196.028
190.348
169.64
181.07
191.879
208.109
170.875
175.157
191.389
191.535
195.036
175.658
166.14
204.621
189.33
178.976
188.443
205.718
193.98
188.396
159.659
182.424
176.715
175.697
189.362
192.281
185.873
185.88
159.429
175.733
165.38
179.896
209.738
173.455
180.186
185.878
173.379
193.5
163.727
195.015
189.244
156.107
155.411
193.988
166.97
205.399
169.385
157.299
180.47
161.562
199.801
138.304
179.889
198.695
191.603
198.356
185.982
186.657
154.987
184.76
168.372
176.226
182.751
142.36
164.279
184.328
183.656
178.698
195.534
188.591
186.551
167.081
164.249
197.64
185.228
201.707
179.997
187.866
183.1
190.432
180.59
167.945
179.843
181.78
169.398
196.841
190.01
188.915
163.02
190.045
176.58
177.461
183.153
173.904
196.6
182.92
174.822
192.124
182.568
172.128
186.57
185.622
166.156
178.789
202.904
189.12
196.078
190.92
184.177
202.197
173.05
174.813
172.845
177.085
188.217
169.906
191.336
201.162
182.586
188.493
169.798
187.987
189.348
161.621
194.004
188.491
165.621
194.127
180.746
181.224
177.85
185.252
181.433
174.527
169.358
159.507
189.378
182.442
192.425
193.121
186.608
203.012
177.552
179.726
179.487
180.848
193.448
167.249
189.463
180.304
171.443
179.53
185.375
178.508
191.608
171.776
181.464
185.249
180.538
180.08
196.961
187.763
193.017
184.464
181.901
168.95
184.844
185.936
158.104
213.54
166.59
203.253
183.392
161.005
194.887
170.501
185.652
175.862
184.379
170.582
181.391
173.986
193.331
189.353
178.511
181.122
182.118
187.351
186.408
203.273
201.026
156.554
189.974
174.976
188.688
182.188
177.718
167.761
156.253
202.348
172.285
182.795
180.581
185.883
159.811
177.827
206.355
188.659
149.107
173.6
197.445
170.367
186.442
172.425
155.704
185.25
155.876
160.067
202.23
158.133
162.102
164.308
165.537
199.971
181.11
163.136
194.169
177.0
211.518
186.579
183.834
161.437
177.343
182.024
178.286
186.899
205.863
204.544
179.957
172.293
183.292
163.572
185.946
164.869
167.46
191.484
194.745
186.995
178.386
174.4
172.386
211.746
187.605
181.871
184.072
198.596
184.298
179.714
177.975
205.074
196.809
152.822
190.265
200.101
173.818
176.394
164.587
176.295
182.87
161.758
174.868
182.742
206.706
194.384
179.179
170.206
173.555
186.968
182.96
169.862
171.352
171.805
184.801
180.819
188.97
206.687
182.775
180.349
198.157
208.344
178.12
207.321
158.972
184.444
189.299
182.263
173.692
184.071
158.325
210.985
214.766
147.352
166.22
168.739
176.668
177.898
177.997
180.902
191.722
199.128
187.88
192.747
142.16
207.022
191.973
212.382
195.107
195.276
190.67
199.456
185.93
177.751
193.555
162.234
170.429
182.036
218.296
202.717
177.709
174.68
178.88
160.266
174.409
181.513
191.547
187.968
191.502
187.451
196.404
163.874
204.966
191.047
179.501
194.185
194.422
182.907
197.786
175.821
163.151
188.765
178.559
170.996
200.096
170.11
186.822
173.017
180.101
197.704
159.262
195.277
163.445
177.456
214.175
183.338
182.836
182.808
170.179
195.456
180.12
179.317
188.409
179.867
168.465
177.236
201.721
183.269
175.236
185.972
197.03
164.796
156.921
162.194
190.623
181.68
187.953
185.342
195.933
195.041
178.157
174.419
188.644
197.437
188.233
174.429
168.163
180.138
182.906
200.224
187.918
181.24
188.565
182.511
165.543
193.654
176.998
193.555
179.735
191.028
188.01
184.129
170.706
120.605
121.926
162.199
185.609
182.754
197.201
180.476
179.564
181.157
176.059
202.551
191.914
215.373
180.013
171.049
179.977
201.543
185.459
202.966
212.164
193.981
192.39
181.731
181.83
182.87
165.386
190.647
172.908
182.364
173.772
181.745
171.673
184.024
182.113
144.533
196.151
184.268
174.261
191.484
186.279
186.855
183.546
158.423
161.569
184.686
192.016
196.179
190.459
190.537
168.735
204.084
167.081
186.013
187.466
186.377
174.184
187.912
175.236
184.687
171.485
179.81
167.291
178.232
172.326
168.151
182.564
177.791
176.125
185.979
186.743
177.516
161.27
183.808
191.586
171.575
185.526
172.075
163.564
170.254
187.915
170.526
186.062
171.761
179.841
162.368
166.769
201.235
169.243
190.803
195.366
179.218
184.317
181.483
199.426
164.294
183.298
170.47
200.525
202.947
166.637
172.735
173.034
176.479
166.261
183.433
172.72
205.605
201.191
177.822
182.129
199.889
184.205
144.889
189.44
170.231
192.802
205.081
176.217
182.231
183.307
175.154
181.995
178.206
182.556
190.598
175.938
175.88
183.61
185.947
142.506
171.514
198.887
168.764
165.014
203.114
191.485
172.831
145.293
205.461
189.381
181.422
172.13
163.381
182.657
178.973
191.246
168.329
196.803
165.49
185.655
174.78
190.062
182.042
178.639
178.188
186.487
170.023
182.915
176.475
181.334
180.416
173.984
176.758
170.082
183.257
158.772
176.256
176.159
182.276
137.552
210.699
187.322
183.749
190.077
189.288
180.181
184.847
183.693
192.125
175.487
165.488
190.353
191.548
175.166
191.83
174.388
187.226
184.03
157.239
202.586
175.793
190.595
192.974
186.73
190.101
189.365
177.297
205.555
184.816
180.479
168.341
193.625
167.383
201.916
192.257
171.91
175.27
201.505
183.168
156.939
166.702
206.596
181.672
180.018
170.804
194.56
179.849
177.683
176.866
184.856
196.715
178.772
190.157
185.524
190.442
144.303
162.028
189.558
181.993
194.587
168.497
181.186
180.557
203.809
213.263
206.53
167.628
167.203
191.104
179.582
177.211
166.929
178.532
184.695
209.974
189.55
182.823
181.078
183.066
202.948
152.205
179.644
163.073
198.309
180.103
172.782
185.566
186.601
158.816
170.606
192.321
169.689
194.56
211.561
187.66
203.643
166.229
185.776
165.753
198.482
193.516
184.251
182.069
176.61
179.095
189.645
192.88
182.163
181.257
171.427
163.199
183.589
196.002
204.41
179.252
210.416
179.033
178.376
176.557
197.721
187.883
165.979
164.66
194.096
186.969
196.019
178.723
166.499
172.458
200.941
187.294
169.085
143.891
187.765
199.726
183.464
174.782
189.184
152.062
197.042
162.533
177.358
172.442
198.981
161.969
177.124
192.289
185.636
179.321
194.846
178.305
174.528
191.029
183.995
165.072
167.346
192.12
195.207
178.278
156.211
182.475
182.65
192.029
188.602
176.558
193.323
203.834
164.683
175.266
191.357
175.382
157.338
188.655
158.244
162.06
177.993
186.298
173.229
201.562
139.473
225.986
165.924
168.516
171.149
179.375
175.922
163.274
194.628
200.29
181.039
175.382
185.929
186.571
171.243
176.552
164.274
194.888
191.06
167.479
187.246
183.77
172.606
187.507
157.484
164.564
192.939
175.484
185.611
186.869
189.885
192.901
175.096
172.63
173.724
186.075
180.949
185.339
165.813
216.757
214.621
177.195
167.343
181.312
158.579
184.912
177.981
212.305
207.137
215.534
208.447
177.265
211.607
197.299
204.131
172.241
164.732
200.244
194.335
153.379
177.719
186.79
190.52
185.676
176.485
174.499
172.058
185.683
180.427
179.881
174.336
140.648
177.7
190.974
181.42
227.835
201.561
190.145
163.308
185.961
158.783
193.926
178.229
168.857
185.666
184.96
164.403
173.565
186.079
189.521
159.164
194.921
178.237
177.442
180.071
182.02
168.894
167.555
191.363
171.968
213.172
193.134
196.191
161.68
201.21
187.989
203.165
185.934
171.523
171.945
177.09
193.863
183.271
192.338
182.801
202.051
183.091
175.182
176.789
182.763
164.486
177.145
168.544
194.844
184.453
178.323
169.436
204.235
191.779
189.418
168.205
197.422
178.857
184.856
175.467
198.599
185.594
172.426
210.171
181.123
183.103
204.064
142.34
183.718
185.346
183.195
173.982
195.34
198.515
190.98
199.977
198.808
222.799
185.733
173.719
197.949
184.256
183.712
192.397
197.477
201.764
168.542
162.128
172.57
176.332
172.743
190.571
163.546
154.085
192.307
179.282
155.869
160.31
192.641
170.603
186.862
166.929
182.426
195.991
153.276
223.719
190.954
185.045
178.283
170.95
192.707
172.416
190.119
195.283
162.118
209.204
191.444
180.935
201.636
172.527
182.092
191.398
186.457
191.813
190.006
193.141
203.693
182.251
163.95
185.118
169.086
196.188
156.702
198.354
176.856
200.878
168.695
195.938
180.996
162.405
170.585
163.22
204.927
171.137
176.938
156.467
199.975
194.027
189.724
170.388
189.667
165.41
177.395
166.754
167.285
140.148
186.496
184.044
178.632
204.704
190.242
156.617
196.553
173.86
182.034
141.143
158.092
168.742
175.302
189.353
180.788
176.305
167.28
174.268
174.274
161.898
200.229
206.423
181.455
205.626
174.456
165.853
191.433
186.646
180.874
205.44
184.809
175.376
186.618
178.308
187.481
184.88
187.549
142.265
204.505
162.126
180.403
175.088
184.75
196.997
182.478
193.738
176.564
171.288
195.517
201.892
185.528
180.728
181.701
186.012
188.091
154.697
193.535
188.455
178.022
202.717
178.017
177.669
181.047
174.313
172.848
192.299
192.333
182.066
190.869
163.932
193.842
206.021
198.367
189.376
164.949
202.965
163.349
160.292
186.767
187.074
193.565
183.199
169.378
179.693
186.202
183.709
198.661
171.052
199.824
188.611
178.367
193.721
172.267
188.366
182.992
199.727
163.091
187.587
175.454
191.169
210.157
185.717
174.343
193.564
181.111
170.955
158.1
167.587
200.432
183.555
169.035
170.467
178.428
159.35
178.234
150.105
170.712
186.467
179.867
146.859
184.28
173.11
175.586
162.071
149.281
188.129
164.895
174.243
192.485
191.012
188.337
186.401
175.384
203.304
200.138
177.514
178.966
199.21
174.902
161.772
189.303
170.29
197.516
198.044
195.769
164.223
171.42
201.155
176.566
195.188
173.145
179.672
179.165
170.446
212.265
182.027
180.607
171.504
183.058
192.005
171.652
206.008
179.406
174.163
215.484
195.366
189.987
189.803
162.909
180.133
185.358
180.863
184.706
202.463
177.709
195.763
180.56
187.163
167.883
175.751
176.629
191.033
175.706
236.933
179.183
165.806
174.422
187.951
191.272
172.32
177.718
176.921
188.441
170.226
204.025
200.088
182.263
204.579
175.747
182.375
188.11
159.541
176.173
176.44
175.161
178.734
180.726
168.153
173.024
199.259
180.078
172.017
192.741
190.517
174.11
182.13
172.451
207.678
192.143
181.903
192.683
182.496
177.773
217.022
179.171
197.29
149.258
176.472
180.184
157.73
168.393
186.055
173.83
187.132
178.719
180.294
190.825
179.674
191.471
183.675
179.521
172.398
186.536
169.37
167.541
220.205
172.063
167.59
175.398
206.992
184.348
171.868
196.744
174.259
160.584
208.768
180.096
185.799
175.255
161.019
123.971
193.528
195.333
197.54
187.229
180.459
187.661
191.913
200.653
172.192
198.027
220.724
179.339
178.925
177.423
194.343
169.176
183.464
205.173
171.569
195.401
191.231
190.21
180.14
171.163
176.027
191.351
181.467
186.885
171.045
181.542
192.563
205.684
191.229
183.709
183.679
179.202
184.995
173.014
196.017
169.202
171.459
180.381
175.104
154.405
189.455
180.875
167.967
185.855
192.427
187.946
168.706
150.476
173.206
193.982
175.3
184.226
183.739
187.367
165.91
198.954
151.9
189.441
165.39
183.35
196.744
181.885
184.156
166.263
171.171
179.773
191.888
214.222
172.421
176.945
167.586
180.132
174.9
182.242
184.557
179.293
174.808
166.727
206.64
183.656
169.434
207.752
195.799
175.133
182.293
189.644
189.158
177.323
185.81
200.41
180.564
175.123
199.277
232.367
194.94
199.235
189.162
182.849
183.257
173.2
182.734
191.672
199.16
174.527
174.766
174.1
202.355
194.714
187.461
154.137
169.559
209.255
188.604
182.111
178.132
200.967
195.731
216.991
187.17
196.13
190.188
190.398
206.279
173.304
159.748
186.562
185.486
197.874
179.878
200.75
173.022
175.391
174.026
188.109
210.728
195.836
189.595
165.41
168.831
191.345
187.485
175.029
201.287
200.629
182.188
181.831
162.592
205.647
190.622
169.201
171.875
190.816
193.391
180.237
171.378
195.409
182.523
172.934
192.167
162.688
174.483
181.837
193.226
175.346
162.807
184.629
169.694
166.191
189.668
164.028
205.715
176.214
159.264
169.9
199.602
190.05
195.157
190.037
180.97
202.483
183.498
160.627
185.083
195.02
180.614
200.394
175.885
195.003
183.752
178.966
184.289
204.505
184.951
167.094
185.291
187.28
178.761
185.809
172.119
171.104
180.325
187.559
163.883
175.409
200.356
167.288
205.314
192.517
171.912
196.549
186.054
157.524
180.323
205.194
157.246
182.63
156.667
182.151
168.737
194.896
162.824
188.545
182.599
199.967
174.173
208.866
200.707
167.312
156.697
169.279
178.377
196.178
169.614
193.613
177.024
153.73
202.663
198.649
158.089
208.513
208.159
198.532
183.369
169.313
177.754
175.394
185.217
186.165
177.233
193.969
169.313
180.919
162.03
164.226
177.285
175.161
181.535
186.152
173.331
196.162
187.133
187.28
182.093
196.534
191.064
180.981
180.029
182.918
194.512
187.108
167.402
175.093
165.09
159.445
193.47
188.748
172.495
190.446
196.353
184.994
178.241
193.963
210.89
180.61
191.556
157.446
224.0
187.026
188.389
179.844
198.606
197.642
190.555
196.19
164.97
186.227
218.895
160.568
184.286
160.689
173.05
198.204
169.501
182.162
175.123
183.999
172.268
140.71
162.331
183.037
174.012
162.883
184.003
187.178
201.638
194.802
207.013
201.225
164.392
181.158
171.917
168.497
191.406
179.279
135.109
165.051
189.539
152.213
187.198
182.861
174.654
186.072
162.305
206.424
172.186
176.577
181.432
180.187
153.448
195.896
176.124
160.123
164.398
175.26
194.396
195.264
173.557
178.071
173.314
160.196
192.371
184.433
191.869
177.416
165.895
193.511
177.278
165.591
187.58
171.485
200.429
197.192
188.004
172.766
174.866
200.379
170.334
198.079
179.096
172.86
174.966
178.01
190.663
182.017
191.675
170.771
174.109
192.556
184.471
177.942
181.541
167.814
165.534
198.476
203.987
179.521
174.62
192.818
189.386
178.984
168.003
190.986
185.085
179.88
201.094
166.919
168.231
190.175
187.493
171.114
193.523
187.816
193.353
193.081
178.245
198.226
186.981
178.096
190.522
184.446
184.488
179.583
169.895
183.635
178.27
180.998
209.678
177.935
197.963
194.65
171.557
144.567
188.489
168.656
157.957
184.516
182.803
179.92
184.503
164.51
209.242
193.046
167.696
136.806
180.406
187.568
160.929
169.977
194.341
198.743
178.898
175.632
182.97
177.569
189.826
190.493
174.462
196.048
180.969
180.715
156.797
168.43
194.705
208.517
192.507
190.02
188.236
192.477
163.276
164.973
179.833
184.743
160.239
188.293
189.99
174.183
188.11
176.277
188.142
177.296
188.293
161.726
188.708
184.842
172.016
177.247
194.142
188.007
177.365
186.277
196.282
173.296
199.79
208.236
178.946
190.334
183.476
168.281
175.739
154.936
166.094
202.653
170.3
173.923
184.798
185.085
184.653
181.955
177.637
183.394
202.318
199.391
178.42
162.928
179.751
191.997
182.814
177.042
191.836
204.441
199.33
162.497
184.508
195.658
176.905
176.286
201.908
175.254
159.677
162.534
196.041
204.178
184.633
193.75
188.503
192.26
180.116
154.256
208.702
172.139
190.853
176.799
195.835
155.727
161.405
177.755
192.925
192.829
181.683
180.157
190.515
197.408
176.677
186.367
185.65
165.837
163.337
150.082
173.204
167.257
175.393
154.779
155.344
197.109
157.852
154.11
188.288
171.234
204.979
189.462
190.07
175.705
165.235
176.224
180.131
199.441
194.029
166.862
182.004
182.212
164.091
189.057
207.949
185.481
182.402
192.091
174.145
189.069
171.96
201.478
197.148
200.286
173.655
183.744
181.289
174.445
150.246
195.408
202.107
186.213
165.08
199.367
197.169
177.473
215.307
162.183
190.034
194.425
186.112
168.999
194.02
181.909
170.286
172.48
180.771
175.603
182.922
205.994
174.366
191.367
153.733
181.215
203.093
173.44
175.464
181.115
201.464
174.385
173.397
193.662
186.615
163.055
188.132
173.479
187.997
196.65
181.987
195.267
174.205
178.538
184.153
171.292
176.49
182.236
189.99
181.536
175.642
198.13
194.464
169.042
190.933
182.997
184.984
162.911
169.459
185.899
184.48
173.976
210.817
164.975
187.244
187.852
198.272
164.155
200.099
182.298
194.945
167.165
189.746
179.707
180.123
214.23
196.144
169.051
181.661
196.187
184.007
172.92
173.87
182.873
175.643
183.832
184.047
181.036
196.13
186.926
181.497
170.451
183.784
154.422
194.805
191.432
205.15
156.559
183.282
196.887
177.559
205.479
176.197
184.195
192.245
184.755
181.999
165.706
184.212
175.987
197.851
180.066
188.692
176.736
186.232
186.662
184.76
196.083
160.834
179.288
187.455
195.373
208.608
172.436
184.588
192.21
185.571
190.433
173.252
182.23
175.685
184.827
172.253
193.049
153.33
179.864
184.527
189.204
179.94
183.176
162.131
162.977
192.653
200.43
171.653
185.685
177.423
203.903
181.766
162.779
171.447
155.783
172.729
177.555
176.771
188.415
193.589
178.854
178.126
183.174
166.715
193.201
189.331
160.064
181.791
176.224
179.821
178.922
179.765
180.164
177.328
173.585
184.266
183.893
176.874
166.898
197.105
192.427
183.636
213.39
179.586
187.702
167.18
186.362
185.742
194.897
186.688
168.752
187.537
166.463
193.642
183.728
189.861
182.877
177.966
167.368
196.636
185.173
162.493
172.777
168.571
177.405
186.041
183.591
195.493
182.142
158.712
173.335
184.949
184.59
215.707
188.097
169.663
181.944
187.953
169.582
202.524
161.8
199.945
204.819
179.768
173.458
199.306
174.134
182.399
167.95
191.896
189.988
179.333
189.035
159.087
211.241
196.838
196.029
175.789
197.935
209.663
204.714
187.692
175.975
165.661
182.792
168.582
183.018
187.788
186.016
187.492
197.973
188.264
172.156
186.147
185.869
190.399
208.504
174.669
187.223
166.78
171.974
166.309
155.239
151.067
184.558
185.998
176.727
195.43
156.509
181.58
160.298
161.447
197.799
176.862
153.878
192.782
182.619
160.568
161.524
179.858
176.298
175.512
179.926
197.778
187.48
183.607
186.832
184.75
186.457
218.819
199.782
194.832
200.801
187.412
180.715
180.637
135.911
194.053
181.283
191.207
178.207
174.074
169.118
182.168
183.221
192.304
174.716
168.434
194.777
198.729
202.757
197.292
166.842
171.11
168.974
192.717
173.397
181.469
149.042
177.548
201.261
206.271
209.354
165.762
175.936
185.236
185.878
174.098
185.528
198.115
194.066
178.286
165.283
197.017
195.43
186.265
198.633
175.073
187.413
159.425
175.862
176.858
194.771
188.78
185.154
177.944
166.905
158.888
171.224
200.118
196.254
174.127
186.41
173.601
172.607
171.743
193.658
183.62
156.385
170.731
166.611
174.48
187.673
186.402
196.554
180.842
178.92
195.643
170.333
167.442
174.127
157.374
168.604
171.281
185.139
191.248
171.694
178.467
176.275
170.827
189.869
182.138
184.467
192.335
169.744
197.146
187.818
157.748
163.402
197.14
174.147
167.363
196.236
174.301
181.35
200.814
195.537
189.302
163.396
188.34
199.728
188.543
189.593
192.839
170.887
189.014
156.159
191.382
185.95
175.066
175.971
165.915
167.163
180.346
181.584
170.613
204.785
182.066
179.306
170.851
177.302
169.386
196.832
174.948
208.441
184.183
196.097
208.783
169.215
196.892
192.187
181.591
185.36
213.785
166.698
189.245
192.008
187.535
199.401
178.989
177.599
181.888
177.462
199.736
184.874
169.826
155.463
172.136
215.426
180.282
181.577
189.116
218.552
191.411
176.236
187.214
183.676
174.785
168.517
180.003
167.683
188.835
184.309
175.272
182.284
175.802
192.722
178.373
180.573
190.669
140.194
192.295
157.482
173.157
163.071
186.202
198.01
198.037
187.475
179.419
165.161
180.668
178.283
179.232
198.404
171.491
198.158
150.651
179.27
182.448
195.734
201.37
163.53
192.644
174.507
186.709
174.533
166.015
165.859
175.871
184.102
192.749
179.878
182.663
186.844
169.835
197.821
201.118
182.023
179.951
192.93
185.274
147.712
160.35
202.119
183.419
186.106
192.884
198.819
202.639
164.719
159.873
194.316
166.746
166.648
179.627
162.344
177.726
169.669
175.668
179.386
167.056
151.286
178.865
176.589
178.951
172.971
182.602
182.507
211.02
176.56
176.592
180.268
187.47
192.897
196.985
189.896
177.157
186.954
180.905
185.357
168.563
176.992
161.215
162.126
202.127
192.142
173.622
178.06
203.577
173.016
191.493
171.783
166.92
173.953
158.275
189.072
180.624
176.539
189.888
154.743
171.801
185.187
181.287
174.846
198.899
181.924
178.091
186.916
191.527
182.719
165.545
197.723
194.699
187.472
194.432
171.698
172.179
187.952
196.171
212.418
160.816
174.658
169.677
205.395
170.012
190.724
169.574
175.886
169.78
178.942
200.447
176.048
174.566
161.404
164.894
174.968
185.582
160.712
179.874
183.692
163.884
174.089
177.502
218.942
170.403
180.916
174.447
204.873
165.969
151.145
176.956
156.044
149.596
182.557
164.314
192.051
207.786
176.012
169.465
176.625
193.504
187.318
222.052
192.069
164.164
173.383
180.012
185.419
181.308
162.977
173.812
192.615
200.21
183.956
183.934
198.758
159.247
162.98
153.527
171.549
173.742
167.681
180.888
181.637
183.265
171.666
194.546
183.873
188.866
175.658
189.731
177.517
171.463
166.539
180.613
184.705
176.679
186.909
161.249
184.109
174.729
164.636
197.86
192.592
160.282
182.183
171.527
187.8
191.213
212.221
177.11
178.668
189.014
179.946
194.801
196.318
177.672
189.315
191.786
187.428
161.131
202.831
201.111
195.977
196.751
211.076
191.176
190.066
178.327
199.404
171.065
187.622
175.692
195.227
161.993
195.37
212.86
171.218
161.158
174.236
185.281
178.06
190.11
174.528
199.616
179.655
180.855
176.084
155.966
204.364
201.345
192.853
192.329
152.364
176.872
190.213
190.531
178.674
183.039
171.173
192.976
192.016
197.405
172.373
202.534
190.872
194.826
169.701
194.485
169.785
168.916
164.554
190.083
187.861
190.009
214.686
188.376
180.303
185.357
186.321
168.74
205.221
181.361
200.812
195.919
176.291
190.662
201.995
195.999
171.639
203.599
172.125
179.396
185.766
181.942
196.33
176.206
176.229
171.253
172.446
169.998
182.31
165.053
190.061
169.216
191.406
190.925
198.617
180.587
199.957
190.431
169.92
175.89
166.851
182.048
158.976
181.808
179.771
160.81
174.22
171.498
188.792
181.659
169.009
173.324
171.902
161.713
192.668
211.86
185.116
177.858
168.669
177.43
174.843
187.084
186.507
165.126
181.71
185.464
178.237
171.463
191.186
181.007
170.739
184.253
183.369
193.531
178.346
162.267
192.29
187.04
185.616
184.318
195.086
167.744
167.429
177.182
173.833
191.426
207.477
206.755
165.34
189.672
209.282
207.863
198.352
166.444
176.582
213.995
171.194
176.88
189.344
190.149
169.221
183.978
167.459
196.088
183.459
196.087
192.807
177.419
189.619
178.695
194.49
208.48
178.992
166.583
172.003
206.895
177.121
187.385
190.013
210.004
173.019
162.184
171.883
187.225
175.398
202.013
162.697
188.227
203.889
171.639
184.023
196.795
181.712
174.212
185.527
204.758
165.544
180.33
197.458
189.005
187.277
181.352
169.832
171.525
162.549
180.687
159.42
197.209
173.798
179.879
201.404
195.528
175.502
205.333
208.101
176.752
158.535
197.971
179.29
169.266
158.49
170.469
193.43
173.06
191.483
179.325
175.931
174.233
165.161
178.481
200.904
196.403
176.691
164.741
173.346
206.674
170.709
163.39
171.839
174.479
203.796
197.015
210.483
174.626
189.937
172.303
199.925
180.656
192.269
191.761
169.99
194.83
171.647
177.568
176.3
176.047
178.473
182.25
203.325
182.493
184.041
160.536
169.379
187.448
187.546
189.585
172.162
187.148
190.501
149.458
173.068
174.301
165.924
178.822
153.79
161.278
180.661
173.669
181.077
170.63
181.464
187.88
187.023
167.299
173.549
175.614
180.541
189.623
183.241
163.191
179.57
192.514
184.645
177.238
171.269
168.153
185.546
186.201
166.529
195.272
177.352
171.017
170.844
159.658
183.663
193.09
168.552
201.464
205.235
181.799
158.869
186.02
183.641
170.532
172.315
177.311
181.065
203.69
180.415
177.534
189.04
185.193
195.533
186.513
156.903
185.62
168.821
171.462
170.119
185.851
178.267
187.885
183.236
198.523
170.1
153.868
198.109
171.632
170.377
157.786
197.898
180.108
186.105
183.457
167.232
183.201
193.642
182.1
198.004
196.532
201.433
180.098
199.693
167.003
188.425
183.811
174.361
183.868
172.678
179.792
191.955
175.962
181.537
164.0
173.13
195.168
165.59
199.803
181.934
196.327
167.628
175.462
161.629
184.909
178.483
203.242
174.583
183.376
204.834
183.062
168.794
168.87
180.152
145.929
184.035
194.223
186.89
176.808
179.679
181.396
194.226
162.916
190.335
198.461
188.53
156.315
185.628
187.224
175.42
183.017
192.117
177.246
177.376
205.382
179.897
167.831
205.013
158.65
175.488
170.686
183.719
178.299
189.061
202.232
158.504
191.196
191.483
174.337
163.402
161.984
181.132
173.866
173.212
205.788
197.304
167.106
199.941
183.227
191.716
170.385
183.315
187.824
192.963
174.139
180.615
191.773
177.4
173.069
166.034
164.341
202.084
180.36
179.422
163.923
166.936
150.528
171.183
173.903
182.827
166.051
188.486
187.727
185.786
153.036
158.765
200.002
164.913
168.295
194.605
194.381
185.84
153.032
176.703
187.989
190.634
173.879
192.005
183.684
191.158
169.613
191.727
171.953
204.592
172.354
172.36
167.22
167.644
180.072
202.151
154.919
175.964
166.717
165.393
163.281
170.38
187.945
184.257
178.5
161.638
179.651
193.198
176.588
196.413
192.293
191.963
153.907
184.48
182.828
184.415
171.238
168.827
179.2
173.0
161.212
189.741
183.438
166.087
208.373
176.086
186.483
177.834
163.588
166.293
170.931
182.532
170.226
191.589
161.737
181.48
163.579
209.463
175.947
184.782
197.999
169.879
186.004
193.787
197.743
181.425
174.155
185.811
181.186
192.628
174.561
191.15
185.131
167.444
179.3
190.096
184.052
175.166
193.111
194.525
182.401
187.043
171.249
169.53
181.243
163.621
187.524
193.01
173.507
187.363
184.468
172.704
180.612
177.074
180.823
187.389
189.738
201.719
201.187
171.246
186.659
164.874
179.396
174.248
209.073
200.579
170.948
185.774
179.363
156.364
181.572
196.833
174.737
163.23
195.855
156.262
187.566
177.383
193.289
191.589
184.328
169.029
166.951
181.27
176.66
166.94
185.078
158.688
183.937
187.873
191.13
217.357
194.438
177.423
193.969
189.019
201.141
183.947
173.684
169.617
182.001
172.921
193.001
193.449
181.553
191.239
202.388
186.018
178.491
185.886
173.91
188.746
191.415
186.445
197.682
186.734
174.973
193.479
161.387
205.8
195.494
200.435
180.616
183.636
192.09
166.869
190.023
190.706
202.433
181.775
214.582
194.244
185.441
170.165
191.703
173.81
181.698
187.847
200.835
169.997
180.042
183.042
166.673
193.647
204.975
187.67
184.006
179.612
166.196
202.758
197.897
192.013
169.961
174.556
189.94
175.971
175.411
180.019
186.935
201.997
204.51
172.115
178.041
166.663
184.898
172.449
191.774
194.682
187.979
151.594
183.9
187.317
180.565
189.569
160.618
190.348
188.501
207.023
175.026
147.492
193.894
187.105
192.287
218.628
214.738
185.994
178.96
196.741
177.925
174.056
191.941
179.969
191.756
186.604
184.366
179.471
173.496
163.583
194.404
168.341
181.403
185.172
187.473
198.958
189.997
164.096
181.347
194.966
187.179
197.358
205.027
160.391
189.482
172.066
173.064
196.663
173.079
176.866
150.279
167.282
187.713
187.981
144.041
157.797
187.692
183.594
170.898
196.166
179.123
198.516
176.456
198.137
195.655
185.225
177.985
178.199
200.895
184.948
198.498
199.461
153.236
196.552
192.081
196.585
159.248
165.416
171.053
188.558
169.857
211.811
171.734
205.038
167.228
192.992
164.454
186.602
184.277
216.9
164.883
190.721
165.352
174.353
187.504
164.317
159.043
202.376
201.541
200.854
179.921
184.108
184.24
168.48
194.867
205.818
162.095
148.527
186.62
175.173
185.554
165.697
159.093
177.108
167.604
155.245
207.959
171.354
148.528
159.806
185.476
180.34
202.496
196.201
189.759
176.618
177.046
205.98
211.237
173.34
166.988
177.215
189.151
172.882
183.735
183.38
170.118
164.738
171.717
179.922
195.388
157.775
189.033
178.308
187.905
192.612
178.309
188.211
156.224
181.021
193.013
197.078
203.477
167.914
154.019
166.968
174.165
189.555
172.679
172.257
172.708
183.818
167.818
168.933
180.127
194.931
180.549
167.94
184.952
176.642
168.857
184.827
173.667
199.313
181.598
191.197
174.621
166.87
189.927
184.667
190.975
181.161
171.249
182.93
179.228
204.17
192.343
186.283
182.87
180.283
193.309
197.778
184.199
214.51
176.187
180.168
185.62
187.362
176.178
189.62
196.805
181.944
210.672
197.726
169.927
173.1
182.483
191.909
166.105
182.118
187.971
164.147
178.955
199.951
188.751
173.166
178.247
153.7
190.927
159.17
194.863
182.055
206.102
189.419
185.665
183.685
195.188
188.719
181.82
202.123
197.14
168.819
172.315
188.871
169.363
185.326
190.913
169.377
172.813
188.55
178.36
170.843
207.443
173.595
191.575
172.486
178.385
176.782
149.136
172.698
154.775
188.985
164.267
169.675
160.1
183.704
172.151
179.549
217.129
172.946
199.103
174.711
166.81
202.146
180.691
181.3
174.774
179.427
165.12
190.084
189.496
169.843
188.397
170.238
168.559
184.506
176.995
192.133
187.372
178.984
185.357
191.091
184.883
176.838
178.348
199.567
182.243
182.518
177.531
200.77
198.84
193.028
211.801
192.384
195.647
183.47
193.057
190.679
171.359
190.025
175.249
160.149
212.666
171.506
187.821
172.161
177.425
176.823
202.768
172.403
168.447
196.318
172.65
193.509
193.997
178.076
164.187
180.375
174.199
176.207
181.938
178.509
172.595
169.159
172.615
179.982
159.791
178.556
188.435
206.026
164.907
200.829
188.475
169.606
190.967
194.226
165.717
186.349
175.816
174.284
200.673
192.076
150.544
176.359
178.736
203.978
194.086
190.946
173.152
184.964
217.839
196.917
214.8
167.439
179.274
168.348
164.808
194.9
191.115
177.686
193.153
189.726
172.773
192.832
191.563
192.908
181.664
201.469
197.842
172.256
178.127
188.267
201.169
185.231
193.858
207.841
183.849
177.437
185.52
155.728
194.006
177.348
179.636
200.372
168.911
167.788
186.625
166.081
191.241
185.98
178.606
176.336
202.334
125.767
177.414
161.812
200.963
188.357
172.655
186.419
174.166
202.363
169.816
197.008
179.885
190.084
166.963
151.091
197.623
189.425
179.514
183.704
190.708
172.73
199.166
185.669
174.793
172.589
169.624
177.178
190.984
173.005
210.162
176.527
184.71
199.266
168.902
164.197
174.367
185.411
184.688
193.575
189.005
203.834
157.07
159.312
169.813
171.634
188.61
167.167
177.36
157.418
191.991
189.839
181.36
160.471
163.335
175.796
183.15
186.991
188.401
174.465
176.471
190.263
180.103
181.205
169.811
182.195
161.289
188.039
181.175
95.492
153.208
169.52
186.601
192.597
186.372
168.565
202.153
184.704
187.422
169.649
162.74
180.617
186.185
199.515
184.507
175.557
195.865
191.236
173.779
192.707
183.702
208.265
182.968
191.298
175.233
184.037
199.174
149.45
196.205
169.945
184.693
164.044
172.548
198.036
184.412
192.076
198.356
191.314
160.983
189.685
186.946
200.759
192.473
168.414
196.557
170.038
180.553
172.395
182.29
196.354
181.563
211.954
171.556
161.816
178.033
166.428
174.256
197.731
175.343
219.788
203.226
171.544
181.643
173.444
199.001
185.356
161.134
168.604
184.969
151.699
196.36
178.725
183.262
186.469
179.693
165.397
176.927
157.898
184.934
179.499
170.749
180.269
192.864
152.51
166.857
181.088
199.006
175.593
189.001
171.097
187.257
181.886
186.865
174.556
156.137
176.64
177.119
184.749
155.371
195.464
172.131
185.871
194.596
173.988
169.478
184.544
168.682
194.662
178.495
196.597
170.705
196.064
190.203
196.538
188.817
190.286
196.526
171.767
182.145
207.799
189.316
193.37
189.581
179.057
132.456
192.195
201.282
198.947
175.389
187.625
184.27
181.177
175.86
173.08
167.988
185.48
171.491
175.891
185.347
165.953
183.607
174.635
181.467
174.277
166.207
204.471
166.89
173.427
188.265
178.475
181.523
175.161
179.825
170.393
178.037
193.011
183.045
182.324
166.884
186.218
154.562
190.912
181.221
182.146
184.06
198.294
177.006
204.657
189.612
172.179
185.015
172.873
196.59
174.517
202.15
197.847
179.345
175.043
190.58
173.119
183.483
205.921
190.303
178.306
178.076
173.404
187.918
174.568
172.931
187.22
176.99
186.633
199.123
192.921
174.527
182.702
190.52
176.238
166.724
190.964
186.712
210.714
199.985
176.179
187.139
190.256
191.427
179.806
196.995
188.221
185.702
195.865
173.476
178.595
173.242
176.905
180.69
195.278
178.245
195.425
184.467
170.278
199.58
174.12
186.861
178.683
181.867
183.122
174.464
167.106
172.573
183.129
156.33
170.682
176.231
183.917
197.314
180.231
192.753
181.19
193.501
192.992
177.813
202.399
151.155
188.568
182.983
177.053
180.957
164.833
197.326
171.706
194.098
187.152
200.452
177.024
189.228
183.314
162.745
177.726
191.289
173.531
167.291
200.166
174.296
188.044
190.022
184.386
185.837
178.361
163.509
167.936
179.106
185.538
187.093
171.965
172.712
204.917
184.698
169.923
172.678
180.899
210.024
166.954
175.027
182.947
160.552
187.864
169.25
205.128
190.901
179.69
177.604
172.679
211.952
194.127
198.319
171.562
220.225
190.45
186.076
203.951
163.128
171.705
193.791
161.189
185.379
190.667
198.428
173.83
187.654
203.435
183.523
179.491
176.115
169.493
199.829
174.029
163.794
177.233
176.686
183.476
200.903
209.006
166.959
185.584
185.606
183.815
199.589
159.214
203.93
180.0
110.29
188.003
184.417
193.87
181.888
162.356
181.983
174.322
186.682
191.318
176.645
201.162
188.878
175.253
203.927
173.908
172.441
200.177
209.117
186.345
175.543
173.813
157.464
175.275
191.779
161.366
155.441
192.575
196.256
189.511
196.462
202.004
173.865
182.91
202.202
183.549
179.159
177.98
185.562
204.2
163.378
170.356
185.417
186.997
181.158
186.417
195.145
182.095
182.697
157.483
198.564
177.225
175.469
174.14
167.046
177.273
212.56
178.531
184.906
173.1
199.169
183.109
195.975
184.272
192.353
173.4
182.604
188.772
195.811
179.774
180.272
203.488
176.116
176.638
187.577
200.987
148.111
165.225
185.343
195.185
180.115
177.484
209.313
192.824
174.219
173.8
185.459
185.068
169.469
171.749
182.83
166.659
171.432
185.872
195.196
192.534
175.747
170.706
170.671
195.291
189.316
177.147
159.846
206.471
182.687
189.848
176.437
198.543
172.096
201.097
177.578
205.994
197.005
167.027
176.164
201.604
185.549
177.367
177.645
165.955
172.621
164.83
184.767
164.92
189.027
185.249
188.566
171.235
175.413
203.205
188.332
182.96
193.087
179.848
195.652
170.812
174.098
179.577
193.478
177.443
173.42
174.606
197.374
200.127
188.722
169.058
190.631
188.862
206.413
179.159
176.762
181.728
189.025
178.0
200.85
156.393
188.792
211.146
180.313
190.572
154.381
198.909
179.847
183.401
162.371
172.865
196.808
198.58
197.178
186.528
186.927
153.59
177.612
207.436
182.68
163.926
168.206
181.611
193.921
180.104
162.919
166.08
175.367
168.318
200.523
199.882
176.29
198.71
195.952
167.182
193.707
191.173
185.063
176.938
182.46
180.81
180.678
194.815
182.744
176.491
