155.647
163.666
187.724
177.14
204.776
166.127
170.345
181.919
177.705
164.727
196.372
171.762
173.055
179.929
167.395
188.178
181.991
205.339
161.303
192.476
178.925
191.627
158.397
182.715
191.528
169.648
193.323
167.914
186.262
176.426
171.187
194.649
166.557
184.388
178.772
155.629
176.921
165.426
180.636
210.152
174.765
204.741
163.199
166.294
156.949
180.017
187.394
165.481
198.189
165.79
188.816
174.285
180.534
185.551
177.844
169.163
192.995
186.855
183.169
191.327
169.374
169.224
188.767
176.945
179.622
196.704
178.846
192.347
170.168
187.041
170.452
163.077
171.736
183.452
173.176
187.504
162.768
176.861
169.938
181.175
162.747
166.858
176.315
183.674
180.226
180.393
178.402
186.945
201.46
193.235
179.193
173.618
178.418
189.054
175.195
177.573
192.92
177.754
178.041
177.128
185.344
196.614
184.435
184.008
182.611
186.409
180.264
194.886
194.814
177.806
181.079
193.783
190.72
189.341
179.795
169.515
146.104
167.762
175.231
177.657
182.889
188.709
164.306
175.003
184.382
187.914
179.613
186.553
180.951
165.913
185.474
188.874
155.974
162.424
173.048
179.381
170.451
165.751
189.333
168.274
167.197
171.31
184.861
170.967
182.431
155.525
162.042
191.717
186.589
167.555
193.669
165.889
141.88
164.322
179.272
197.942
184.703
192.408
165.838
167.708
202.042
200.733
175.682
174.488
190.224
199.209
182.583
124.53
200.726
164.605
201.175
142.515
189.064
189.412
199.784
185.5
177.462
173.398
166.152
172.978
175.214
170.441
178.391
185.413
193.048
168.132
190.828
167.687
189.893
182.534
186.884
187.033
181.965
182.373
191.717
178.051
177.446
187.821
215.681
165.441
166.989
175.461
193.434
169.245
194.815
173.551
192.583
183.349
164.99
172.484
200.077
203.771
183.967
175.369
184.028
180.879
175.177
167.051
179.581
196.907
165.898
174.997
177.987
184.202
167.367
183.91
189.642
203.194
196.765
172.867
166.802
155.582
196.137
182.816
187.4
177.39
192.298
173.063
194.961
164.726
192.761
176.869
166.71
210.162
158.054
173.843
183.525
195.236
170.94
175.855
164.284
160.524
181.573
196.328
198.228
188.137
176.47
168.704
205.377
172.833
183.094
170.262
181.059
186.462
148.142
177.712
189.42
149.557
194.43
183.202
162.749
179.417
193.594
166.597
181.741
167.849
195.245
193.018
188.697
167.78
196.302
161.67
175.749
155.022
162.223
199.546
174.062
178.591
185.385
167.369
178.708
199.748
188.772
181.074
178.836
185.162
146.451
177.963
194.258
182.162
167.342
174.601
190.773
185.598
182.656
176.461
183.172
167.179
170.913
203.85
188.537
184.364
199.744
194.209
168.183
194.808
171.723
191.397
170.952
149.857
155.878
158.137
187.331
173.639
183.628
163.792
204.759
173.482
154.673
188.631
174.962
198.475
155.566
188.899
183.277
170.564
175.758
171.931
195.674
199.037
204.417
203.522
170.919
171.266
167.225
170.504
183.034
194.061
174.414
169.659
191.496
179.956
186.095
178.386
175.483
200.303
170.991
171.598
154.572
167.006
174.86
182.386
159.25
155.479
172.856
192.163
174.184
186.167
161.055
170.439
178.422
205.491
180.09
198.514
178.18
195.225
176.994
201.812
190.112
190.378
185.522
176.979
169.809
168.463
160.936
164.071
163.169
169.049
196.655
180.62
194.887
161.614
164.457
190.834
180.876
172.091
199.18
162.018
189.022
205.491
170.952
155.658
170.529
184.692
170.825
192.125
187.283
166.687
186.029
186.739
165.337
186.975
206.517
166.793
201.225
185.663
204.324
172.21
171.043
175.1
158.063
187.136
215.668
174.88
197.397
197.21
161.255
185.431
197.21
181.438
176.802
189.697
201.891
165.553
161.782
169.618
193.149
178.318
190.474
185.08
173.969
201.587
192.975
187.72
167.828
185.094
168.923
193.389
172.83
172.23
170.019
182.642
202.126
182.784
169.631
187.654
197.297
209.821
180.834
196.271
186.215
176.543
178.471
172.138
173.311
174.662
175.596
157.605
201.424
179.695
174.23
184.305
197.49
166.306
208.727
184.643
168.96
173.122
173.898
183.444
192.602
173.456
183.099
198.098
163.628
181.681
181.084
184.922
175.02
180.753
193.564
183.655
174.896
180.611
189.769
168.661
181.036
178.594
175.604
185.876
181.833
187.563
160.178
168.419
203.318
169.249
194.04
186.479
186.01
192.703
167.123
173.663
183.888
183.789
182.108
175.115
180.579
202.386
169.866
180.853
196.227
167.707
124.17
192.761
174.001
185.108
191.623
165.715
153.236
175.389
168.152
174.23
158.868
171.913
192.553
185.274
185.139
114.493
171.806
184.475
183.232
174.516
162.958
175.437
160.18
180.451
186.129
156.52
146.946
180.511
180.416
175.136
209.765
172.092
176.796
177.507
163.187
154.533
177.235
194.857
184.505
188.968
152.45
183.809
206.697
182.373
189.933
192.598
171.06
167.268
162.308
179.601
188.164
159.853
196.732
173.559
168.791
170.093
181.428
188.086
195.576
192.558
183.773
166.92
164.125
175.525
99.6543
173.712
200.208
191.621
175.74
186.442
172.177
179.236
180.118
177.102
197.525
189.904
193.54
184.231
159.582
174.518
181.8
180.676
139.169
181.146
173.169
185.552
188.776
178.773
178.827
185.44
176.674
163.473
161.081
198.91
196.117
154.876
172.256
170.663
181.681
126.749
182.168
171.25
191.183
163.056
192.644
176.363
183.539
179.669
170.768
181.511
196.163
182.122
166.904
176.999
174.486
193.342
183.001
146.027
161.946
176.259
185.293
179.48
173.334
167.436
179.433
197.37
171.643
181.899
175.734
182.204
179.426
172.959
187.026
176.394
187.565
163.637
181.298
188.277
185.655
196.778
166.414
155.863
212.684
188.08
172.03
190.866
194.138
186.907
194.52
191.361
176.08
186.489
172.215
185.178
160.56
194.257
146.041
164.227
187.436
172.609
197.727
179.392
194.714
167.805
186.83
189.533
211.696
185.375
184.486
185.201
208.869
182.911
166.811
184.479
185.958
171.046
178.733
190.681
177.971
174.683
166.48
197.651
194.799
184.42
174.896
190.601
190.777
162.435
184.278
189.747
175.855
166.41
176.642
180.997
177.952
160.045
192.627
171.134
177.981
196.77
158.372
191.923
187.083
183.966
173.179
184.581
205.464
176.242
175.537
168.751
182.407
153.753
168.623
197.73
191.264
192.931
171.332
168.71
180.848
177.168
176.109
194.884
203.819
187.459
168.672
174.323
171.183
176.453
165.012
204.461
175.123
210.74
188.252
193.283
198.186
167.495
206.66
198.855
194.47
192.028
167.865
189.256
203.693
189.699
162.223
179.913
197.541
181.089
192.399
177.327
187.184
184.562
174.407
170.859
169.706
163.838
180.472
167.487
182.268
179.597
185.792
184.841
157.657
171.016
165.12
186.749
186.432
175.899
184.727
157.166
165.21
157.376
188.688
221.98
184.392
173.322
189.816
177.959
167.682
204.273
164.249
190.815
175.822
164.554
185.089
154.127
164.588
181.961
167.997
168.412
133.951
179.345
191.218
177.283
177.702
162.462
181.276
173.927
195.646
183.567
192.431
175.56
174.68
182.391
199.027
184.642
167.864
178.245
179.395
167.201
183.782
166.138
177.213
164.949
182.718
166.426
155.621
177.694
186.123
157.481
192.768
153.753
174.514
214.814
192.11
176.12
165.639
173.051
207.394
186.569
170.46
169.594
179.757
176.745
205.256
161.984
182.944
189.863
188.508
209.406
189.727
183.237
178.092
201.763
182.888
157.717
172.511
188.525
198.527
190.131
185.367
170.158
182.006
185.116
171.868
145.313
183.124
173.37
207.428
188.891
196.922
164.049
197.548
161.075
156.49
175.805
172.972
172.494
167.433
194.89
166.961
187.976
171.209
155.033
193.908
185.191
156.655
174.712
175.082
162.477
176.996
178.075
206.522
168.837
173.729
190.404
161.277
198.306
178.625
167.409
208.169
179.704
182.826
192.079
191.827
197.989
169.666
171.404
214.471
182.306
170.012
179.896
186.566
169.213
189.343
179.425
181.509
178.952
175.726
194.534
180.015
179.77
186.357
182.444
172.799
183.034
184.004
167.964
149.329
190.135
175.316
180.195
193.418
171.957
185.819
175.949
184.358
185.426
163.81
156.082
179.471
179.469
177.058
196.632
186.06
179.305
195.092
162.39
181.834
178.559
180.63
224.832
186.366
188.509
168.659
171.617
183.747
177.161
184.784
198.585
171.127
199.261
184.011
159.8
169.345
198.507
182.615
197.856
194.784
189.867
194.787
177.605
175.076
162.891
172.89
184.771
173.145
177.741
183.709
160.774
162.117
170.798
200.894
181.166
166.118
159.053
218.792
171.406
184.384
196.417
187.738
179.572
169.748
211.048
182.788
182.997
157.774
179.279
164.21
178.958
195.121
188.879
186.215
196.787
174.756
191.326
190.943
193.676
165.074
165.501
147.684
167.09
157.519
190.151
183.956
172.338
178.996
179.929
165.151
167.561
187.529
194.374
190.562
170.19
198.467
177.412
185.004
170.45
176.242
159.0
171.047
182.315
192.66
162.685
187.561
180.92
169.231
188.969
192.263
171.23
177.819
176.286
186.319
183.637
184.135
202.901
182.546
192.397
182.846
164.907
184.984
162.205
177.129
202.773
171.145
202.186
185.396
166.408
168.594
168.684
185.986
187.757
170.012
166.613
192.863
171.536
195.624
187.751
180.878
136.896
195.783
164.228
177.446
189.966
184.893
160.127
170.882
174.764
190.484
205.568
170.813
189.802
171.871
182.558
193.336
170.349
189.033
170.418
183.508
189.004
170.555
168.276
200.549
186.337
184.526
184.378
182.786
202.985
176.086
184.469
174.494
185.41
161.032
191.23
177.898
184.359
193.467
180.173
193.781
178.376
192.436
189.363
189.012
190.475
182.132
167.303
195.815
195.904
161.379
185.908
194.551
168.916
178.637
175.432
194.331
211.575
188.687
199.469
175.356
174.567
166.569
164.397
179.028
188.836
174.701
170.919
164.436
193.097
158.82
182.531
175.928
159.455
181.427
201.054
159.276
199.638
163.764
188.87
173.39
172.795
165.275
192.818
171.563
160.903
179.263
192.763
191.091
190.566
192.826
183.075
195.627
161.009
213.153
174.664
198.198
193.961
168.444
191.871
161.162
174.283
196.487
186.607
203.559
197.595
207.851
165.255
161.352
169.89
179.444
182.16
182.422
195.617
181.032
180.287
170.876
201.719
176.719
166.521
168.626
198.744
164.391
158.122
171.429
177.345
181.058
145.294
205.03
175.483
206.361
186.072
180.723
189.738
181.085
168.262
202.839
189.277
180.517
152.874
172.096
190.166
165.559
174.039
182.798
170.337
202.648
177.64
176.125
183.87
185.889
205.495
178.922
169.462
184.826
182.128
207.458
187.927
187.216
157.189
200.704
179.738
180.668
204.046
144.255
161.063
159.353
186.16
182.057
164.77
182.78
186.79
189.737
177.116
176.882
182.301
179.18
176.561
190.163
181.532
170.721
185.577
204.373
191.733
171.505
178.418
198.032
185.866
177.65
157.273
175.559
173.256
207.309
187.845
178.604
136.263
185.483
166.399
182.915
192.388
84.6944
177.078
180.41
191.929
177.376
169.539
189.704
171.971
186.067
178.46
174.602
178.368
220.162
178.253
154.264
176.922
152.531
158.537
182.827
160.009
200.469
181.318
187.973
185.764
180.527
193.351
181.172
167.638
168.159
170.115
193.668
189.486
206.297
182.471
159.63
189.291
178.699
175.813
179.779
135.614
166.233
165.117
194.19
168.265
181.578
169.337
177.84
168.741
190.45
181.886
177.238
168.243
189.039
152.802
186.288
172.708
169.067
174.085
180.31
157.64
190.106
205.988
177.688
174.854
192.487
155.529
184.794
179.114
185.664
196.779
198.075
184.744
186.861
198.908
184.473
181.649
179.273
147.151
182.962
154.205
173.57
191.2
156.586
150.525
207.628
174.7
196.491
176.086
193.267
178.162
165.196
190.621
183.944
168.033
177.574
175.897
167.334
153.789
192.701
185.022
173.407
185.056
180.834
173.195
193.993
199.214
178.983
170.949
185.501
189.978
176.076
182.45
189.085
174.957
180.217
153.877
163.639
190.301
184.298
187.504
186.244
147.802
208.254
198.672
175.453
176.486
179.889
177.055
169.482
193.431
186.889
198.157
181.734
192.434
185.61
165.501
172.681
154.275
178.135
183.093
168.406
190.588
192.5
170.403
185.616
188.654
185.208
174.588
188.68
187.97
174.103
187.859
174.186
199.307
167.445
171.989
158.629
191.158
192.433
146.627
186.205
160.89
184.982
183.488
203.327
176.509
207.565
168.61
193.314
178.334
181.526
174.479
196.796
134.809
179.768
207.089
194.718
187.2
191.189
199.771
168.554
169.744
182.305
209.067
183.941
179.069
192.708
158.455
186.949
164.847
169.766
173.04
162.98
189.309
165.815
172.807
192.756
179.2
172.391
176.21
178.47
150.445
191.618
179.81
179.491
196.389
184.786
200.282
154.153
164.824
188.122
201.82
196.115
201.802
176.915
178.512
194.886
197.846
158.412
174.292
174.639
203.011
156.439
183.407
176.9
186.151
168.837
189.273
174.899
178.265
168.243
173.489
175.597
188.418
164.839
169.392
194.142
148.487
163.365
188.373
191.838
199.592
178.781
191.761
180.196
173.037
166.669
160.249
172.632
173.22
163.611
170.114
167.359
188.366
179.568
177.653
181.641
180.594
172.179
169.202
173.91
180.056
172.541
183.916
186.652
181.473
161.046
185.404
176.498
171.532
202.044
164.793
178.844
192.72
182.572
142.838
182.262
197.913
187.787
172.12
164.848
172.356
186.93
184.492
170.442
168.752
190.069
197.41
176.453
183.692
178.143
167.005
173.66
178.957
201.32
180.98
179.723
184.773
180.98
186.844
187.107
188.216
168.972
170.011
174.132
161.303
186.078
203.253
169.375
181.596
191.542
181.827
189.089
185.331
167.992
196.703
184.185
182.812
180.329
173.995
171.452
206.479
183.309
152.364
198.574
178.358
181.869
178.808
164.366
179.108
214.372
189.105
174.277
210.667
187.423
182.399
173.978
163.617
191.5
185.095
178.158
180.708
204.604
189.493
171.811
172.854
185.5
189.144
202.717
176.183
154.254
190.398
176.978
183.889
203.747
162.451
178.33
179.443
188.785
183.167
170.787
190.912
190.363
175.433
170.402
194.304
189.131
188.315
196.725
189.929
166.924
172.865
159.935
169.004
200.118
191.444
159.575
195.243
153.718
160.065
180.765
182.004
190.274
183.855
169.366
172.514
188.643
198.837
187.566
187.016
189.335
172.481
168.073
176.289
180.207
183.718
195.319
183.921
192.928
186.901
183.441
206.276
183.491
183.902
175.358
172.502
182.993
153.537
190.341
161.601
192.237
180.218
182.268
193.355
175.4
176.063
196.217
172.678
178.891
186.646
172.704
157.648
202.669
184.051
197.63
173.129
168.335
184.188
158.749
211.973
170.056
183.073
191.403
176.927
206.774
185.462
195.054
148.268
189.808
179.942
167.179
193.688
202.141
143.917
187.261
201.64
166.324
190.608
166.05
172.151
171.234
169.784
174.911
192.723
164.502
183.908
184.171
194.12
194.648
197.194
191.384
178.623
189.227
177.7
185.73
181.865
166.804
180.306
205.482
171.091
196.091
156.926
178.904
182.082
198.192
203.692
177.731
176.535
177.873
181.844
151.626
186.841
205.251
175.594
189.525
182.617
175.973
180.294
177.081
186.023
174.043
182.472
178.676
173.524
194.801
180.754
178.155
187.406
176.27
171.415
184.567
173.298
200.733
165.438
186.944
213.099
165.634
191.196
162.381
199.764
152.596
174.644
215.126
182.949
191.323
178.095
194.739
171.883
171.031
185.205
186.612
165.672
171.03
157.855
190.284
189.981
176.605
183.025
204.384
187.577
158.356
203.37
154.372
18.2122
164.272
185.104
177.928
190.648
201.505
182.57
170.292
176.938
178.229
178.798
185.334
171.533
187.418
180.381
161.01
206.756
183.086
203.888
196.122
185.835
148.841
189.194
177.593
174.223
188.7
190.49
167.786
191.707
179.993
195.661
182.105
181.656
178.972
221.873
142.598
199.549
192.271
185.434
159.07
157.428
197.96
168.284
196.121
190.891
194.496
189.141
174.495
181.92
181.313
185.959
187.59
192.7
187.351
208.148
171.655
192.487
179.836
183.754
159.757
159.355
173.706
166.451
184.658
171.122
174.167
174.878
152.605
189.889
179.635
196.48
167.534
162.318
177.269
184.094
183.71
175.645
186.089
183.227
187.547
176.88
182.845
151.772
122.804
161.628
186.364
166.392
192.292
216.936
176.065
186.796
166.019
195.013
199.236
178.101
191.565
173.609
185.859
187.213
180.42
192.481
200.893
177.589
199.402
175.138
160.54
178.6
178.802
178.743
177.676
167.829
190.114
190.078
185.59
165.122
179.16
178.659
172.84
205.159
197.718
202.123
162.584
169.497
190.165
193.828
188.621
196.146
178.42
181.669
177.483
171.642
182.603
172.83
195.071
172.655
166.137
180.603
170.623
192.045
164.818
175.579
167.172
181.474
174.251
183.207
178.19
174.251
207.456
186.339
187.291
181.805
171.94
168.007
166.618
182.219
173.53
176.771
160.915
195.599
174.197
175.498
190.61
178.726
197.666
167.643
162.708
176.086
178.2
177.229
168.473
175.901
198.661
191.945
215.942
174.682
189.542
205.721
190.054
186.658
190.831
167.082
190.103
173.598
168.654
184.377
161.872
161.245
189.81
168.876
164.595
179.025
167.747
205.963
194.997
192.931
167.009
181.745
182.074
179.964
198.426
192.413
171.519
183.944
200.361
197.382
171.255
155.54
168.663
191.851
196.166
194.234
155.755
187.847
158.894
186.77
179.677
164.676
180.386
170.053
173.563
167.383
183.809
183.367
176.911
183.512
175.64
209.898
172.977
181.097
172.612
160.361
181.537
172.735
160.726
186.446
161.409
174.372
184.288
186.044
179.557
183.247
149.492
142.965
179.485
196.729
200.712
199.783
194.653
185.772
187.609
179.123
167.108
198.051
176.641
155.902
193.298
181.319
188.719
194.934
169.346
182.381
169.934
165.611
168.553
174.714
189.526
173.267
180.313
215.627
158.918
174.02
206.721
174.85
164.854
173.62
174.803
171.152
202.339
207.274
173.457
182.034
173.993
159.132
192.246
160.568
155.554
186.735
202.627
197.757
175.587
159.188
187.112
184.324
171.665
193.428
165.543
175.612
183.0
172.442
166.691
172.927
171.707
163.005
181.757
173.015
177.83
194.191
166.473
194.098
170.022
172.316
180.166
163.367
186.565
170.236
190.917
176.741
202.852
176.701
194.703
170.052
170.788
180.717
151.035
186.644
190.451
190.285
172.023
182.844
189.877
181.295
169.545
181.11
164.759
178.97
213.649
165.899
194.972
184.885
204.396
183.465
181.736
180.591
189.527
178.089
118.83
188.048
182.022
192.385
184.551
200.38
204.529
191.733
173.373
171.793
177.371
180.757
201.666
163.317
165.985
180.59
175.573
183.369
184.3
202.483
159.33
197.974
176.383
183.585
186.911
177.247
159.813
189.047
171.328
190.889
181.275
192.725
162.528
171.257
164.105
166.2
205.759
187.511
197.976
172.703
169.659
181.782
172.968
189.759
217.204
179.736
181.514
197.038
175.157
188.099
179.061
179.547
179.556
166.854
172.137
164.688
173.696
176.152
190.686
168.096
179.888
195.403
173.744
195.02
187.099
172.757
176.029
176.749
191.002
182.367
194.674
176.191
145.563
175.025
202.958
180.427
186.492
186.614
190.153
183.27
173.94
203.718
193.268
197.35
172.544
165.137
152.019
179.231
178.215
204.231
206.978
210.457
176.874
177.446
172.875
181.295
206.823
169.132
177.04
165.866
194.764
176.596
181.928
171.219
212.049
187.315
194.422
177.243
152.994
168.266
186.536
180.211
173.023
176.295
180.54
173.205
159.476
162.571
174.982
186.971
162.45
193.411
177.257
194.695
157.126
188.992
163.728
180.581
174.261
189.187
163.75
189.406
175.749
174.962
182.868
178.964
170.339
186.502
193.368
156.514
181.022
189.815
166.075
163.348
184.761
165.282
203.309
173.302
165.357
156.353
169.285
204.539
177.738
176.751
181.311
152.309
182.953
180.137
184.16
184.693
152.847
182.437
194.587
182.793
186.862
186.63
152.596
190.025
186.994
181.618
165.048
188.309
195.471
178.918
137.181
174.159
159.186
166.369
189.605
176.723
198.955
180.798
176.815
160.188
178.984
180.668
181.308
160.966
173.345
154.357
173.571
179.761
222.516
206.023
172.511
175.177
171.129
180.769
191.159
200.602
172.696
168.38
180.907
174.199
187.629
178.275
144.656
199.129
199.478
185.227
202.928
189.978
178.641
180.244
198.198
182.688
172.426
191.387
183.443
193.609
207.692
169.744
184.428
175.734
156.078
165.149
200.326
178.539
208.446
200.361
176.395
179.522
185.718
189.397
193.795
200.097
169.804
163.089
168.143
183.148
166.05
191.835
163.282
161.243
165.359
205.295
173.743
155.362
176.026
180.232
167.79
183.658
182.103
189.502
177.917
165.981
179.602
174.748
190.958
193.491
173.686
166.786
162.667
160.815
186.873
193.937
174.373
211.657
186.894
157.572
179.514
185.056
206.953
188.636
190.946
186.67
167.166
192.335
181.971
176.566
167.509
165.952
185.332
185.408
160.477
165.282
184.421
192.327
179.969
187.837
182.797
155.245
175.475
188.19
196.546
168.741
192.51
142.97
184.085
175.902
171.462
189.999
194.697
186.884
181.078
189.603
187.315
158.53
194.786
183.179
181.329
193.084
179.723
184.955
169.313
172.738
166.637
184.295
190.436
187.911
173.003
153.523
165.998
202.098
194.389
198.42
171.98
179.393
202.141
161.954
151.655
207.122
166.931
193.344
182.478
181.12
164.243
173.566
178.425
161.641
182.081
191.573
177.732
156.815
178.087
200.645
192.939
201.187
189.811
189.218
183.263
184.581
174.652
180.358
183.126
171.49
178.74
178.168
177.618
179.661
180.528
183.913
162.502
190.301
190.354
197.411
180.285
160.779
180.981
167.671
176.571
178.396
186.63
172.306
186.269
176.563
186.107
159.87
193.509
197.847
200.246
170.53
205.076
167.872
156.712
173.736
181.927
154.583
190.116
167.546
199.72
174.1
189.593
198.792
173.915
202.788
187.659
198.638
176.866
170.347
175.889
153.273
202.723
198.326
186.187
159.627
203.202
185.791
180.247
172.407
193.108
188.271
178.717
197.077
183.211
196.178
168.26
171.024
167.525
161.398
156.721
154.481
173.032
190.628
154.231
175.403
174.779
185.295
186.168
170.26
200.563
160.845
173.732
199.283
197.441
181.791
182.88
173.622
189.239
173.629
170.032
171.32
191.798
199.626
190.601
181.789
193.126
186.096
210.88
200.595
160.548
179.312
194.691
202.593
187.4
159.459
185.649
195.257
164.862
159.388
177.078
167.203
184.415
171.064
169.227
189.143
188.789
141.752
188.166
173.265
176.074
172.546
177.835
193.579
188.125
177.301
183.999
191.615
172.182
98.6537
193.337
172.463
191.545
174.252
190.845
158.309
169.033
194.927
176.333
174.742
189.731
191.271
168.279
175.95
196.776
186.433
191.017
173.894
196.524
178.757
185.994
176.112
175.304
167.248
176.18
161.873
198.145
159.163
171.3
189.015
184.486
158.855
188.525
160.732
181.929
214.575
199.801
192.661
176.785
161.989
181.817
184.901
175.525
185.153
178.519
172.999
177.607
166.748
160.155
173.101
168.578
190.033
183.841
168.122
163.049
174.953
165.795
170.645
193.641
198.025
168.613
192.273
183.034
168.075
164.346
171.899
157.253
184.089
161.704
185.749
203.813
179.63
191.198
198.623
192.337
170.758
181.542
198.289
176.889
188.433
191.115
171.658
166.754
187.622
179.896
163.073
172.691
204.595
202.724
165.896
185.01
186.992
185.819
158.999
167.075
184.439
179.912
169.454
185.835
174.537
181.042
156.545
157.719
183.953
175.083
174.541
167.72
174.654
186.423
187.476
176.275
158.905
170.563
185.696
173.008
194.733
157.761
171.666
189.02
176.471
145.318
171.108
155.698
171.616
209.744
174.011
190.64
157.036
177.464
173.474
182.254
157.635
185.63
179.458
196.817
179.249
189.419
165.417
196.395
191.948
176.336
165.769
165.693
195.823
174.647
175.926
134.746
189.245
174.686
195.649
169.777
190.382
191.822
180.283
177.725
168.523
197.602
161.903
180.956
155.729
183.235
180.927
161.561
168.543
178.814
187.359
193.895
204.659
186.415
197.49
185.204
185.612
174.342
178.728
184.165
185.675
180.28
177.321
181.586
167.991
178.304
158.329
177.95
196.466
192.066
189.782
179.255
202.61
171.976
178.738
186.896
172.979
182.161
187.583
156.318
194.828
174.23
178.923
201.295
192.78
180.01
191.435
176.279
174.19
172.117
204.061
172.545
157.241
162.418
162.672
207.281
166.032
165.123
201.925
179.712
186.153
188.671
168.009
179.55
198.329
184.463
156.322
183.007
197.178
168.17
190.857
186.159
190.733
163.474
171.164
198.878
154.463
186.108
157.538
180.837
196.676
184.656
169.924
175.35
174.378
171.385
201.342
180.634
175.106
169.015
178.048
223.772
195.563
167.625
167.542
183.558
167.185
169.982
192.373
183.746
168.23
184.91
175.584
165.275
169.124
171.857
199.384
187.906
181.011
170.224
163.837
187.804
183.623
194.774
184.809
191.405
176.412
168.277
172.997
197.661
177.71
194.222
162.043
183.514
165.484
198.358
189.799
207.99
176.892
178.748
211.673
185.794
197.908
182.781
199.927
188.138
175.172
192.842
220.859
178.136
190.357
159.513
147.504
183.67
165.444
148.435
201.563
148.44
181.648
184.322
182.495
186.325
185.663
185.407
184.567
187.515
182.602
172.253
192.116
183.663
177.409
174.395
185.964
163.802
213.323
205.655
170.129
185.97
176.661
167.851
188.787
166.216
172.448
168.35
177.72
166.819
199.421
180.324
192.62
192.992
154.205
155.222
188.945
182.949
191.39
182.37
174.914
177.749
193.207
162.225
192.683
163.657
171.189
160.925
175.784
181.427
171.857
152.062
208.218
180.606
196.277
171.902
182.889
187.182
175.85
193.952
177.122
169.052
171.667
185.296
190.472
173.491
175.023
156.635
189.038
173.995
175.763
187.417
177.774
223.579
181.555
199.994
162.772
174.719
207.142
177.459
197.659
172.032
190.352
179.74
198.493
187.305
170.882
173.696
186.922
172.856
184.767
105.92
160.05
158.626
190.675
168.451
172.072
177.159
188.271
162.972
179.167
190.622
193.299
183.963
203.979
189.259
177.144
136.465
177.244
175.01
172.414
172.868
203.766
159.932
193.381
180.792
176.755
211.863
188.792
194.186
159.497
197.509
197.439
205.202
177.576
191.952
165.223
180.661
190.25
194.814
177.04
189.93
191.005
195.138
178.896
171.303
186.37
188.639
190.069
175.461
186.497
195.85
200.187
174.566
173.637
185.971
142.259
184.543
177.798
203.552
155.094
189.178
176.887
184.928
184.116
182.964
180.979
170.214
195.93
179.048
174.983
180.778
170.526
169.443
171.969
179.915
180.775
204.998
161.837
173.337
151.408
203.622
185.715
175.358
172.996
177.556
162.813
181.868
169.866
188.245
175.441
181.098
191.751
168.326
164.223
189.957
185.74
205.871
175.142
162.365
189.55
177.374
175.658
168.804
179.31
177.277
209.701
174.161
178.779
184.086
202.357
185.743
171.572
167.657
191.229
197.897
179.337
181.548
173.635
184.437
185.945
158.789
169.495
183.039
150.624
167.977
196.852
155.541
174.724
187.773
194.722
187.986
200.918
177.885
183.36
154.641
172.085
190.295
171.957
190.551
206.359
197.788
178.322
172.266
176.426
192.564
179.818
178.128
211.564
177.917
190.864
196.013
166.797
166.68
177.24
196.031
174.481
175.045
171.91
196.279
177.016
190.477
189.837
172.62
179.498
157.025
180.596
182.521
189.541
173.35
197.797
182.863
161.029
189.49
180.541
179.64
168.548
179.87
145.688
173.997
194.734
203.931
171.527
199.628
214.137
210.147
186.237
188.291
177.037
170.654
178.125
164.437
179.304
168.047
191.349
172.891
191.724
196.107
153.706
173.331
163.285
165.695
167.383
179.465
161.735
168.081
183.502
188.439
204.28
177.971
179.196
201.325
165.051
183.747
168.044
183.048
163.809
194.904
201.891
170.845
183.149
183.875
194.13
184.4
179.123
190.456
174.448
188.069
177.274
187.704
188.785
186.917
175.252
201.208
188.653
157.842
178.394
181.631
184.959
191.482
174.195
183.992
202.277
181.939
197.549
194.363
177.862
164.176
178.75
180.301
197.73
167.262
164.04
156.783
185.428
154.888
192.067
195.293
167.526
187.54
172.841
185.674
200.83
173.448
176.079
167.232
179.693
199.401
180.089
183.676
161.135
166.1
192.767
161.66
175.891
182.203
210.618
162.655
178.343
191.548
190.541
180.523
172.123
178.382
199.874
163.523
182.775
169.919
231.223
177.367
165.873
180.83
168.968
189.427
175.428
157.134
184.288
182.522
204.881
172.963
177.728
176.163
169.674
157.726
179.441
192.032
195.011
185.879
192.047
166.878
159.956
183.272
167.585
174.132
177.511
182.769
155.097
160.873
169.489
237.774
188.728
182.014
178.261
200.854
169.766
181.855
190.096
169.353
177.291
173.696
168.406
174.994
186.158
184.012
178.046
177.264
181.012
179.042
176.619
185.694
185.027
211.102
214.303
167.616
168.348
185.861
156.558
166.276
174.258
185.65
178.225
152.682
193.693
189.837
161.091
163.946
213.515
176.207
204.286
203.921
185.057
206.114
188.325
189.106
178.039
178.778
182.376
195.393
173.112
171.057
181.737
199.913
191.699
176.949
178.89
184.015
184.323
172.879
211.178
176.355
165.541
167.708
184.338
179.029
182.685
175.039
186.438
164.466
162.35
196.223
179.697
185.291
166.188
189.924
165.207
188.664
175.223
181.482
186.052
155.481
195.714
183.147
175.601
185.365
170.339
179.223
186.132
199.387
186.177
189.319
190.999
197.718
168.045
197.566
186.891
189.469
177.743
178.321
165.976
194.443
62.3672
196.977
183.415
171.741
205.464
191.385
183.721
187.814
173.047
183.556
161.425
167.309
202.042
179.183
194.977
197.22
179.986
173.311
187.736
179.775
189.096
175.09
156.678
171.812
187.514
178.845
159.154
180.813
168.954
166.945
184.479
162.118
192.648
167.237
171.038
186.52
205.578
179.595
172.8
186.251
183.957
181.391
178.629
180.522
184.966
163.781
158.175
155.27
165.747
164.469
189.41
167.325
208.165
183.566
179.359
187.82
187.488
194.937
187.311
176.461
189.15
199.922
163.073
184.936
190.701
179.764
176.696
205.898
161.792
186.337
188.556
180.363
214.349
186.846
154.816
167.306
174.727
175.523
195.365
169.139
167.969
163.217
172.713
180.441
178.0
154.175
193.199
164.543
176.519
170.956
183.91
161.339
196.501
189.419
177.704
151.26
189.726
178.156
164.49
199.411
167.941
183.866
185.55
154.225
182.19
192.447
188.071
174.655
199.774
212.149
177.254
164.759
177.782
171.776
189.021
165.484
186.324
193.146
182.722
172.876
194.853
193.522
183.23
183.908
185.794
173.362
172.058
159.609
212.456
155.033
184.709
184.275
196.079
182.257
157.435
162.836
219.145
188.736
177.731
190.894
181.861
160.301
198.268
138.122
170.489
192.483
195.748
171.631
196.103
174.42
173.486
175.446
173.879
183.374
182.05
173.025
178.349
180.852
194.914
187.303
166.855
189.071
168.509
183.97
167.997
173.393
188.944
186.465
184.286
179.668
167.597
182.351
177.399
186.122
179.699
147.933
179.764
142.141
174.324
202.378
188.783
199.718
187.176
161.14
162.874
184.855
182.197
210.029
182.277
172.813
174.935
151.18
185.054
190.657
184.345
208.728
162.13
186.614
188.271
184.737
198.175
181.248
175.401
185.363
193.277
173.132
198.22
178.366
155.939
180.045
178.892
188.384
190.98
186.077
167.326
167.604
172.506
186.287
171.838
161.425
184.161
184.693
179.708
168.159
162.655
181.611
170.408
163.651
165.777
191.737
188.84
167.078
163.945
172.015
186.778
196.11
199.983
201.475
183.876
184.158
178.998
189.967
173.397
203.161
198.643
176.492
172.335
185.923
163.536
169.014
195.885
184.333
162.567
195.926
200.522
178.333
195.495
193.159
170.938
189.654
189.22
155.28
192.58
168.941
189.205
152.343
164.603
175.405
182.683
182.544
214.052
190.492
168.533
202.93
184.01
153.126
177.367
207.281
186.44
201.158
183.338
174.7
163.063
153.274
180.65
186.841
178.827
194.047
177.916
198.457
167.158
163.532
197.129
169.945
192.354
164.634
183.859
182.828
186.061
161.433
161.839
170.496
174.455
189.825
182.819
190.131
170.958
161.536
184.229
166.066
163.592
168.735
187.488
174.991
190.095
191.665
185.785
211.38
181.701
187.61
183.329
181.61
171.911
136.72
173.678
194.155
176.092
154.759
190.227
157.406
165.153
183.932
194.223
198.607
179.039
179.325
194.013
182.685
188.062
172.855
186.601
175.725
190.067
179.529
183.499
167.197
181.532
177.676
174.573
204.719
180.168
190.39
182.536
171.857
149.853
150.343
178.994
167.9
196.981
172.509
172.552
161.163
183.944
192.212
197.801
186.831
195.904
173.346
181.157
173.209
173.657
189.029
178.308
199.527
183.472
183.662
188.612
194.681
197.842
206.35
187.607
182.645
199.718
189.492
195.894
184.359
185.122
176.909
190.837
175.251
196.995
186.456
172.889
163.57
174.24
174.255
163.283
149.222
177.743
197.767
193.719
167.464
187.432
167.134
179.024
166.066
184.326
161.83
198.101
190.538
191.373
190.037
185.506
184.941
168.654
218.088
171.823
185.863
176.103
179.393
192.632
181.735
168.016
175.439
175.431
178.451
180.139
182.351
205.531
204.195
197.948
174.184
202.97
175.766
174.71
188.578
187.407
182.613
169.5
164.038
174.922
168.285
180.59
187.862
196.853
197.233
176.477
185.855
181.81
180.345
172.577
183.362
194.046
187.107
173.723
176.241
206.819
184.484
207.151
179.019
181.056
181.238
172.917
182.041
167.181
194.496
187.787
169.422
160.915
161.098
183.18
175.996
205.293
134.02
165.271
194.838
179.659
182.386
164.323
168.048
186.143
179.995
184.969
184.332
148.469
184.382
173.57
186.19
171.99
183.454
170.674
182.181
176.165
201.558
173.146
181.538
189.129
191.098
189.301
175.36
188.792
192.022
174.06
177.155
185.723
182.849
189.489
237.753
173.529
162.407
178.805
170.932
174.223
164.907
190.641
192.505
202.559
176.299
190.281
169.19
185.433
187.199
165.88
176.61
205.073
218.6
183.673
193.385
205.549
175.711
157.126
175.238
189.914
182.214
123.157
164.944
194.412
184.199
180.951
174.758
170.718
182.894
177.623
173.066
190.182
178.382
185.763
178.84
195.84
178.848
192.514
177.291
157.778
195.796
211.257
193.087
175.846
172.932
197.502
164.816
187.915
177.039
161.072
170.054
191.691
192.732
185.8
181.096
181.584
160.81
204.758
164.765
142.229
187.045
189.925
187.08
174.233
189.12
195.042
194.807
183.937
172.257
178.122
190.349
196.355
197.053
180.095
175.453
179.236
160.94
197.218
191.171
195.708
188.53
170.897
157.695
180.128
185.245
181.955
178.746
177.147
186.01
188.884
197.85
204.01
172.168
192.392
173.095
178.887
168.065
171.111
173.493
212.034
136.813
180.257
185.422
175.145
179.495
151.802
159.748
211.745
185.159
160.57
198.712
182.87
186.149
193.353
190.518
188.552
210.422
179.254
176.729
170.965
192.533
192.676
176.628
171.281
190.058
190.064
184.188
197.748
206.666
196.287
178.318
158.995
178.698
175.648
195.955
194.564
175.258
169.901
76.6658
175.685
197.593
170.979
189.494
185.341
173.499
181.415
173.079
209.579
200.132
198.579
179.252
160.486
199.045
147.465
168.863
188.777
165.975
192.355
191.062
187.131
199.011
185.172
187.418
161.533
190.711
167.14
191.748
158.913
156.357
178.467
190.806
197.591
160.257
167.162
173.541
161.109
199.151
185.128
157.509
168.773
180.293
194.872
184.592
167.803
181.998
182.206
187.845
152.494
150.649
153.96
190.341
188.684
155.59
183.188
173.218
194.93
165.715
171.204
191.931
188.782
191.254
131.735
176.491
172.724
181.574
208.002
175.262
179.689
181.253
165.728
181.045
172.231
161.769
174.885
179.649
169.02
165.908
168.185
168.766
170.188
201.272
163.315
163.28
204.555
167.913
157.677
191.887
177.267
176.44
155.425
174.134
133.644
173.942
187.233
169.286
197.804
185.282
186.518
176.347
159.004
175.935
183.476
174.02
109.288
163.477
191.885
183.396
208.928
175.436
207.917
181.463
188.926
186.689
163.691
159.559
192.018
182.953
190.489
198.775
187.511
202.799
188.6
183.271
189.172
190.285
190.624
190.308
181.196
163.396
159.405
189.8
182.879
184.348
174.769
199.993
187.675
205.275
195.863
178.387
189.417
186.634
187.62
166.014
184.254
153.132
203.219
193.705
195.714
179.629
185.31
200.253
197.34
143.391
132.004
179.381
158.227
138.267
171.782
176.847
177.844
169.484
169.199
185.304
189.714
156.509
170.222
191.38
171.108
184.308
192.221
187.235
195.123
190.635
168.315
195.462
196.628
162.644
178.734
183.157
191.279
186.165
180.226
212.532
181.909
175.207
175.985
177.625
183.29
187.619
180.851
174.123
159.493
170.259
180.163
198.296
162.704
175.062
176.851
181.215
159.675
186.259
194.29
174.506
179.277
198.747
200.218
190.905
164.149
171.16
171.824
160.199
209.281
188.59
184.532
176.715
165.691
178.995
198.928
172.356
203.769
191.213
182.501
202.828
184.683
176.68
178.404
209.82
152.587
181.885
179.057
160.072
160.606
183.176
187.427
171.424
190.25
162.281
182.591
179.965
156.431
172.686
179.021
173.969
174.337
193.676
191.066
193.102
181.71
179.154
182.244
182.371
205.347
165.623
164.15
195.007
188.715
180.585
200.955
192.918
193.57
167.387
171.896
192.033
172.781
182.647
181.081
190.378
180.926
172.612
181.586
188.046
168.56
181.07
187.502
176.366
191.024
183.202
185.056
180.601
175.788
174.994
197.928
194.963
152.852
204.428
165.941
151.872
175.434
196.447
177.029
181.506
180.633
186.487
179.387
160.874
176.528
184.314
197.624
169.682
175.96
175.5
198.092
177.642
177.742
165.405
180.824
173.481
174.381
191.846
181.694
174.22
176.287
148.307
172.2
183.658
182.873
185.298
157.395
185.559
173.03
186.441
194.589
175.797
187.682
179.172
185.771
181.264
178.233
188.251
172.575
183.251
164.424
158.053
191.96
185.452
165.537
203.451
165.856
172.87
181.812
209.245
178.84
160.58
177.545
179.402
180.766
191.234
197.178
176.144
179.009
177.491
183.015
183.994
188.502
187.368
188.717
180.514
160.454
174.046
164.473
206.973
195.306
182.979
153.227
177.767
172.271
178.477
182.084
208.705
178.255
208.829
180.594
163.4
169.483
160.559
204.886
177.726
169.219
204.375
187.607
167.248
201.674
173.411
177.846
180.35
169.232
183.654
179.929
157.084
159.393
193.85
176.896
178.934
173.535
171.572
173.77
180.998
185.544
166.49
175.752
177.033
167.223
186.381
168.611
188.291
185.023
179.486
176.948
177.673
167.837
188.843
169.607
181.053
176.463
193.266
137.485
186.658
167.515
188.086
179.601
166.458
190.022
174.414
182.059
180.158
164.551
177.177
176.104
172.106
178.929
190.461
206.577
177.186
175.368
174.316
191.844
180.263
192.834
201.588
196.071
191.195
182.893
193.023
170.16
159.694
174.777
174.239
190.737
178.065
188.825
199.189
144.788
155.494
163.339
177.82
177.397
206.848
161.53
178.642
164.855
189.268
173.719
179.796
173.22
172.937
187.542
164.664
167.222
185.539
183.424
192.169
183.827
177.939
195.812
181.73
190.563
189.271
167.978
161.864
179.071
152.687
219.713
186.081
198.637
143.124
172.147
167.826
186.332
176.014
191.047
188.861
200.022
188.314
178.937
171.417
213.159
192.225
172.468
184.071
190.647
172.448
189.169
187.525
200.821
178.491
196.335
176.917
169.629
192.164
168.312
189.743
197.091
183.92
218.472
189.372
188.617
187.57
155.924
192.2
179.473
164.001
156.21
191.468
188.911
196.67
183.128
173.758
164.596
186.379
184.061
180.382
168.59
201.315
179.011
175.925
204.364
200.766
186.276
188.499
184.36
186.578
180.184
179.086
196.183
170.693
176.312
178.071
179.518
180.152
182.614
202.846
208.674
162.806
183.511
191.747
204.943
175.53
167.219
195.38
190.702
187.036
203.046
168.467
173.026
181.328
178.934
155.912
177.787
186.432
171.774
173.742
179.696
178.478
161.327
172.195
185.708
187.063
190.383
192.298
176.457
180.682
183.056
181.713
197.721
186.503
182.67
175.389
197.797
177.023
182.5
206.489
183.565
191.063
191.603
202.365
189.104
196.75
189.228
186.302
175.58
176.183
174.532
194.357
201.083
170.133
165.139
204.191
164.104
160.001
193.703
180.862
190.198
202.742
194.924
178.459
176.133
206.866
191.368
184.212
171.375
183.241
182.413
180.381
188.085
183.055
171.035
182.041
188.182
186.27
186.297
193.962
188.809
181.085
185.359
180.133
158.957
179.902
192.581
179.925
184.814
174.993
184.438
190.695
179.575
171.454
192.784
189.868
188.951
210.76
179.154
180.413
161.304
196.62
193.359
192.097
156.49
224.541
164.603
191.346
184.189
182.674
174.941
162.59
183.442
171.543
189.522
175.877
193.925
176.67
188.432
171.478
185.533
185.697
192.189
163.732
177.511
187.746
189.021
189.004
163.912
164.536
201.611
183.347
172.273
173.667
175.642
163.33
192.821
182.15
177.269
184.783
165.524
170.435
197.073
191.629
161.333
181.718
159.104
178.347
187.865
193.16
186.722
185.015
172.134
191.175
181.037
200.702
176.45
158.586
187.226
175.745
173.182
189.568
170.796
185.516
179.909
176.361
188.197
175.664
147.005
180.211
178.437
176.614
179.722
206.93
167.769
204.031
168.879
193.944
183.145
182.666
192.908
161.122
184.811
167.386
182.909
210.621
194.77
199.508
188.271
145.41
165.357
195.852
114.311
180.427
185.837
180.748
159.292
179.925
161.981
178.752
212.704
199.013
173.028
174.657
170.564
164.955
206.767
183.641
170.299
174.974
196.718
191.089
173.478
171.507
190.942
177.789
195.528
191.372
172.818
181.311
190.022
198.983
192.711
161.764
173.639
170.426
192.807
208.592
202.908
183.068
186.765
183.499
172.042
182.082
176.112
177.678
195.112
193.862
165.784
193.164
176.308
202.521
182.442
171.368
164.45
198.484
202.307
178.932
189.194
195.636
177.067
165.186
201.05
193.928
164.729
182.898
214.981
179.915
192.866
186.631
177.266
169.041
172.126
185.42
171.753
180.001
177.292
174.584
195.332
176.089
186.397
191.456
173.996
185.51
162.371
165.042
185.873
207.377
184.131
178.462
167.493
167.909
208.834
175.732
160.878
188.185
190.519
181.519
173.257
157.071
195.935
186.326
176.975
168.558
187.618
174.344
194.377
181.86
203.218
183.828
177.457
193.074
197.368
175.234
178.45
175.68
181.068
183.089
188.925
194.447
178.414
162.706
179.831
183.21
192.984
174.349
198.513
171.542
183.287
195.333
156.866
182.688
199.322
191.765
165.26
157.774
176.944
186.63
179.711
121.604
186.211
173.052
190.909
193.251
173.202
193.677
170.364
159.001
195.323
158.137
171.526
157.259
173.049
171.504
183.448
185.449
178.768
178.927
178.664
164.239
182.645
186.052
154.561
177.882
162.655
163.226
159.452
199.244
165.6
160.757
192.719
183.181
172.508
180.138
186.271
170.039
165.918
191.916
176.521
189.658
168.205
188.718
169.61
172.282
163.369
205.732
167.103
194.463
168.59
180.206
178.888
186.776
173.678
152.741
164.518
198.907
200.464
170.659
176.544
175.736
176.57
187.128
158.023
211.003
188.874
167.522
175.859
185.793
180.826
210.214
191.423
179.71
194.691
190.097
186.445
179.149
156.71
198.079
200.966
176.057
189.085
193.903
175.586
174.455
173.863
178.02
199.041
165.458
177.854
198.354
199.742
188.064
174.03
191.953
175.053
181.501
165.274
191.907
162.903
172.391
187.46
186.535
184.211
174.115
182.418
163.394
179.759
199.449
199.245
166.663
179.451
195.633
176.465
189.818
183.848
176.011
169.669
183.822
168.338
177.718
186.469
195.387
167.004
175.511
206.503
167.051
199.336
160.651
170.794
176.401
185.974
173.685
190.62
184.967
182.589
165.857
176.768
188.173
180.769
196.06
185.657
181.071
177.864
173.887
175.607
189.148
163.176
192.691
189.693
170.542
192.801
180.475
180.282
193.125
185.275
203.383
188.761
186.11
181.481
153.162
186.018
193.888
190.008
161.023
180.769
181.281
193.755
188.375
184.82
201.203
183.179
203.007
170.264
181.281
179.632
180.535
184.68
140.564
189.564
183.323
180.255
59.1296
194.984
172.179
181.061
196.956
156.391
167.664
191.779
195.956
170.242
174.146
192.072
171.863
179.249
184.382
174.061
174.231
204.034
171.863
180.278
147.979
175.607
187.83
183.773
173.412
170.49
177.568
194.777
166.29
151.917
167.153
174.964
166.556
161.535
187.039
196.892
178.473
168.303
189.978
197.308
184.373
168.886
183.761
195.002
177.27
199.726
170.823
178.955
185.088
187.166
179.76
181.275
171.375
160.787
182.904
184.378
163.226
191.74
170.559
171.044
169.717
197.092
182.171
177.172
191.794
53.3307
149.257
215.856
157.058
189.97
159.779
189.762
158.713
180.724
198.595
212.741
163.907
167.729
193.735
191.007
179.052
171.861
160.886
174.117
196.649
191.517
176.646
185.175
177.137
148.66
169.71
196.59
184.892
189.212
189.025
195.715
189.788
175.95
146.983
199.072
191.225
180.609
192.066
167.451
173.091
178.551
191.245
205.072
181.613
175.096
168.871
159.158
178.931
196.227
181.289
193.342
167.41
172.02
185.489
201.429
169.929
163.049
194.022
182.742
183.045
169.783
195.839
167.113
178.065
175.103
193.616
178.091
192.4
182.51
166.179
190.211
170.017
187.166
182.079
185.467
159.596
184.382
186.357
183.148
171.848
188.235
189.53
165.712
174.618
162.62
207.532
168.113
180.95
164.056
169.27
158.482
207.145
184.373
196.322
171.266
172.624
202.931
218.704
174.131
174.308
170.274
201.716
176.222
145.226
182.686
167.563
163.522
156.258
190.922
173.869
199.019
201.635
176.622
173.637
195.832
180.581
165.835
168.165
173.375
189.456
213.394
154.724
206.251
183.867
173.134
200.038
160.982
167.951
183.643
160.647
174.931
184.999
186.413
180.547
170.538
194.37
159.026
182.579
196.477
182.01
184.739
155.05
179.265
223.822
180.474
170.372
168.353
175.514
166.773
195.335
182.642
174.14
167.873
188.445
189.878
156.727
182.982
159.355
184.263
179.445
200.935
201.806
192.07
191.063
132.673
196.951
169.06
171.991
169.977
203.441
169.867
179.902
191.194
154.664
167.65
174.084
174.986
180.709
167.638
169.358
177.805
198.577
208.79
173.342
183.545
163.687
176.291
210.911
164.74
152.171
196.589
176.621
187.645
188.944
158.703
180.544
169.065
193.076
181.689
187.972
170.592
184.959
152.918
183.682
187.791
175.99
186.841
158.272
178.457
199.764
183.53
185.497
140.833
204.548
188.324
188.256
185.759
166.914
186.659
190.633
174.363
176.524
189.279
200.011
177.533
206.169
181.672
180.739
163.397
179.056
173.566
195.417
181.458
176.558
191.899
207.689
161.619
181.712
171.592
168.572
176.81
151.837
182.43
183.784
180.158
206.159
172.343
184.227
196.288
179.181
191.503
183.064
171.553
176.77
187.82
189.198
121.88
157.77
190.312
179.05
200.502
168.318
165.086
179.374
164.973
183.669
175.476
196.765
184.658
151.963
189.663
185.844
179.125
175.585
182.851
173.492
186.571
186.168
147.078
193.002
201.117
160.266
162.421
204.721
195.793
91.5439
181.207
208.125
129.077
182.555
187.895
197.933
209.938
177.412
188.628
188.481
172.963
198.297
211.064
172.423
184.46
196.513
171.57
179.702
190.548
212.912
168.132
169.974
184.489
169.818
175.669
188.468
163.273
183.353
181.586
189.626
190.343
166.996
200.832
192.368
179.496
179.421
167.599
171.2
190.931
189.965
195.149
177.184
172.048
183.026
184.622
170.558
172.716
177.792
160.108
182.683
200.534
200.814
216.357
169.966
192.412
140.603
170.681
177.201
180.546
170.341
182.634
166.329
174.322
192.206
185.884
184.54
168.442
183.992
174.988
196.619
194.516
168.343
161.141
195.051
180.658
187.126
173.411
186.415
179.834
188.444
151.148
192.236
198.465
188.284
184.398
167.651
195.578
186.677
175.518
189.932
182.2
195.746
151.261
167.103
169.37
160.757
193.161
147.18
176.63
188.215
182.136
166.947
184.483
166.497
154.989
193.125
193.869
206.157
176.093
187.89
193.287
176.906
168.204
165.419
206.352
185.412
164.224
176.938
176.131
185.252
185.119
177.626
174.993
199.394
157.585
178.206
166.659
173.193
183.05
172.286
185.372
189.458
173.556
185.753
204.654
154.617
166.847
177.346
177.968
166.483
192.719
162.436
180.573
186.223
192.762
205.871
175.292
173.306
145.874
161.639
172.737
189.198
198.887
197.137
168.36
176.063
169.607
200.839
198.214
190.802
196.334
182.439
196.424
168.871
189.949
172.308
184.081
167.148
168.622
163.45
184.711
186.125
189.538
202.837
183.549
172.935
191.448
180.894
185.785
166.734
170.767
187.548
207.158
179.888
189.567
192.298
162.987
182.429
181.243
191.053
191.749
168.529
178.18
153.619
190.694
161.032
185.705
191.518
171.454
185.397
161.931
174.631
196.794
137.622
182.916
132.319
184.538
190.637
168.355
188.57
173.417
172.994
178.641
195.044
171.399
193.37
155.168
193.351
170.824
192.346
192.938
170.27
202.491
173.435
199.004
171.335
178.493
177.588
160.591
182.575
176.501
216.89
180.469
186.622
188.302
192.84
173.498
160.021
186.259
196.983
179.111
195.226
174.518
170.162
178.05
160.563
178.149
164.164
181.219
182.172
160.209
190.89
160.51
177.432
179.539
174.272
165.583
193.6
174.887
182.034
175.282
176.418
185.587
185.531
169.408
164.351
195.962
195.564
179.796
164.736
177.702
205.745
176.981
192.509
186.954
182.717
172.893
202.955
162.406
193.266
155.344
175.434
156.855
204.753
207.998
182.329
170.884
207.694
166.934
180.213
187.311
197.352
197.158
183.36
154.674
170.095
198.032
189.311
178.305
184.409
176.75
187.238
177.961
190.58
197.897
180.05
192.272
164.729
179.829
182.922
172.178
207.494
197.028
162.02
188.532
187.914
196.814
169.252
192.031
173.466
182.062
185.963
181.29
174.492
217.043
175.826
169.773
176.196
199.733
167.862
190.984
211.599
197.994
160.014
182.093
169.72
156.245
193.633
167.466
172.328
170.187
192.662
193.142
189.917
179.884
208.978
191.872
175.642
174.53
193.211
141.924
159.834
178.606
183.445
187.45
169.193
167.605
170.755
177.704
166.56
180.354
176.268
177.533
178.473
165.655
174.114
173.753
198.343
187.279
171.867
174.861
171.96
180.205
181.476
192.787
209.219
169.119
161.589
190.164
178.374
182.002
178.733
191.703
184.88
188.214
162.752
206.187
180.862
183.624
179.403
202.127
199.62
167.52
162.414
172.775
175.623
177.028
182.284
181.681
188.273
173.029
157.875
175.938
178.584
165.908
164.3
183.909
181.345
176.413
155.909
182.541
189.713
197.035
170.699
205.974
197.905
158.491
163.617
200.222
172.192
164.817
191.511
186.255
173.694
196.19
167.793
172.538
180.007
184.11
191.579
192.42
173.103
197.202
190.052
200.399
188.525
154.381
189.373
183.891
165.826
165.791
184.762
162.68
153.028
173.661
198.505
168.527
174.33
181.411
174.741
197.537
206.611
182.772
165.834
155.161
200.899
181.289
190.079
153.603
175.533
191.954
204.73
187.641
191.812
174.755
184.653
162.349
192.774
191.276
193.342
163.25
170.216
166.76
169.136
193.39
170.653
169.33
152.694
177.105
190.021
177.445
159.936
176.868
185.813
192.458
170.555
179.133
172.276
185.996
180.352
182.847
176.429
176.569
189.72
168.78
168.168
163.488
165.946
191.062
180.637
184.159
171.307
183.185
171.186
181.778
190.81
183.217
182.533
166.856
189.956
177.034
203.493
167.73
173.098
172.117
170.462
160.917
179.339
200.771
166.077
179.966
164.031
171.095
182.879
169.339
182.771
206.311
166.61
176.61
185.207
182.205
182.928
168.634
190.256
166.848
176.149
189.715
172.918
172.452
113.736
172.027
191.76
182.886
211.434
188.626
179.05
190.586
183.997
188.814
160.358
191.523
186.243
180.813
163.385
177.511
173.272
179.557
171.017
190.261
173.775
182.844
193.062
190.241
194.522
177.21
165.126
165.3
166.677
179.421
193.467
171.484
208.146
169.099
201.002
193.571
186.915
180.977
188.343
167.451
204.444
160.716
155.395
165.325
194.373
160.734
178.818
173.776
185.759
192.036
188.933
196.315
183.17
210.878
189.546
157.921
190.326
160.316
171.429
174.259
177.861
185.599
165.807
189.702
203.622
182.598
177.931
176.297
173.439
156.622
185.871
189.266
177.579
208.561
184.165
171.939
196.299
162.887
188.7
186.631
176.489
188.209
185.504
203.587
186.32
168.394
191.709
198.395
195.415
180.117
194.3
172.19
203.206
184.998
181.51
186.758
209.52
162.411
172.296
197.791
175.287
196.561
172.237
173.109
166.581
184.539
168.839
188.684
153.707
175.408
166.121
187.995
177.761
169.361
163.508
161.051
150.49
171.434
195.041
193.458
159.2
149.712
163.43
163.588
63.0603
173.048
184.595
187.568
184.091
192.173
159.78
188.243
181.814
164.472
167.151
182.678
156.803
96.5863
167.062
177.511
176.075
176.971
180.352
184.864
190.467
174.86
194.571
197.786
195.894
209.133
198.929
163.131
188.177
192.791
183.618
185.736
171.575
179.632
183.395
168.461
161.34
168.318
182.608
174.542
192.303
176.019
193.017
192.443
192.798
162.307
174.635
175.711
166.8
181.98
169.64
180.15
151.971
168.617
172.788
176.762
182.307
175.288
146.988
200.924
195.996
170.919
183.727
176.091
176.101
157.624
178.147
168.852
178.156
186.403
168.602
188.076
182.128
169.576
190.714
179.877
158.092
185.18
172.306
149.377
195.167
178.744
190.011
202.413
176.042
193.433
163.167
181.096
176.387
188.043
153.676
185.552
156.319
184.067
188.35
197.198
196.835
181.048
163.396
191.4
191.662
192.445
189.446
182.225
178.893
180.747
164.987
197.727
178.448
175.519
194.467
181.636
155.033
202.42
178.441
196.357
197.554
200.87
189.884
170.281
175.917
186.534
199.653
174.695
189.673
172.726
164.739
188.393
198.652
189.288
170.471
194.98
147.38
177.724
151.954
163.01
186.498
182.693
164.65
170.045
177.081
186.742
194.498
182.547
171.045
173.085
188.053
179.488
201.706
203.189
192.874
170.883
185.806
177.121
181.915
181.814
159.855
195.628
188.399
185.124
178.569
186.388
188.997
182.714
184.501
179.298
164.018
186.768
199.24
162.859
191.755
177.447
160.267
189.36
175.053
169.442
195.322
187.629
196.08
176.774
168.659
192.6
166.548
178.691
159.191
197.654
204.175
164.526
168.623
168.238
173.474
167.178
194.021
171.956
182.096
184.879
198.769
162.874
163.111
168.309
189.643
178.781
168.74
186.396
203.453
196.705
202.686
168.442
192.148
175.211
195.184
163.629
186.607
163.553
153.973
180.28
175.949
180.727
160.713
184.323
165.975
191.873
166.03
177.559
195.629
166.058
171.937
181.493
194.415
163.244
188.499
194.059
166.105
178.534
174.399
168.781
179.933
189.348
181.436
175.351
172.593
154.061
180.406
166.774
183.604
197.554
187.486
178.176
178.271
179.698
217.02
141.403
156.471
180.076
195.806
183.699
187.772
167.298
187.943
179.329
179.363
168.651
191.452
217.103
190.951
177.137
178.231
190.963
186.104
191.981
188.849
191.651
201.594
161.7
189.459
176.13
187.145
186.622
192.903
175.333
182.471
182.603
180.751
167.341
158.803
195.466
194.284
166.468
157.807
170.049
186.664
168.298
182.221
173.75
174.835
171.936
174.467
153.11
176.07
196.442
169.021
179.756
170.308
158.168
210.745
181.535
173.788
176.0
184.632
155.927
181.43
167.339
187.785
180.472
169.596
171.437
182.514
175.757
169.515
172.893
172.416
165.575
187.709
188.086
195.197
186.284
170.486
194.073
184.093
168.99
167.878
180.429
162.056
174.505
192.352
170.707
182.293
155.467
178.799
161.534
171.765
158.003
173.408
174.112
159.662
191.03
192.943
190.525
199.996
172.339
190.796
197.57
189.759
183.345
159.289
166.942
198.98
168.25
179.709
172.972
182.97
177.446
181.678
187.84
197.577
181.93
206.798
185.595
169.046
181.945
164.6
188.122
172.911
184.643
189.478
181.119
54.866
207.745
188.973
178.895
193.562
172.067
189.9
168.954
184.629
179.077
184.392
154.902
188.215
189.633
195.644
178.526
175.604
173.13
172.259
186.432
162.299
158.063
179.681
195.109
152.755
175.005
204.035
198.369
178.138
203.075
199.52
193.666
179.72
184.759
198.111
182.899
164.375
187.685
177.331
176.381
164.225
198.369
176.459
168.38
166.93
178.763
204.023
180.111
182.059
160.038
195.97
180.97
188.254
177.206
190.453
175.638
197.208
195.673
163.693
196.26
175.368
192.523
174.179
179.863
180.431
210.184
168.756
162.593
172.631
189.35
177.973
177.029
181.339
165.637
186.992
194.897
188.188
210.777
166.777
171.117
180.065
192.853
197.356
197.185
169.253
180.478
196.299
188.911
181.866
166.07
203.779
207.096
175.876
178.95
136.567
159.141
192.123
179.789
182.665
191.13
178.926
192.306
174.908
187.898
161.749
187.46
172.202
150.23
188.378
181.015
183.797
147.049
175.51
201.17
175.466
187.074
188.186
162.684
207.138
189.712
205.792
173.724
161.772
178.393
183.517
159.406
180.725
209.229
163.541
206.466
185.659
167.522
178.256
182.099
183.271
194.52
163.702
190.471
192.268
180.393
179.69
202.205
181.872
174.804
176.809
186.083
166.973
162.473
186.131
183.89
170.558
182.457
171.093
180.668
200.801
164.564
160.69
177.179
174.374
154.498
177.873
183.407
161.02
191.5
176.173
171.974
188.796
166.632
199.668
211.331
186.535
172.932
183.232
215.267
197.869
178.782
190.041
211.257
191.016
181.12
188.326
192.426
203.713
194.422
179.727
182.672
172.673
161.956
205.824
204.329
175.667
179.276
192.461
178.034
184.663
204.429
164.912
181.903
175.126
177.94
179.654
168.732
174.197
202.105
184.183
146.452
175.235
169.202
157.882
180.391
186.304
178.579
181.642
179.126
177.372
166.97
188.812
158.387
193.609
171.012
185.255
146.399
171.338
172.347
184.218
196.163
206.984
182.598
197.718
208.591
185.266
172.359
187.211
167.648
195.385
165.296
157.413
193.005
191.098
194.447
206.41
193.48
192.461
173.353
189.638
171.652
182.217
198.266
174.229
192.525
188.828
176.122
176.275
174.725
197.391
187.427
188.611
176.965
158.433
194.859
178.01
173.299
200.48
183.37
205.534
173.941
207.841
168.55
187.926
190.631
163.784
164.6
165.161
190.952
199.554
189.783
174.947
164.444
174.779
185.843
168.657
187.755
182.707
175.217
192.249
209.039
181.089
194.157
196.127
189.243
190.801
170.248
190.818
149.724
178.446
166.164
206.067
180.335
185.005
180.547
179.754
181.546
174.305
206.563
160.395
162.34
176.168
185.228
181.447
202.25
186.443
181.699
175.149
174.866
161.274
184.604
177.716
189.25
185.631
185.36
170.223
200.05
179.746
160.288
173.959
177.985
159.503
170.952
184.462
175.004
187.206
156.786
191.452
158.524
167.861
185.939
207.847
170.978
188.77
167.912
174.54
180.73
195.197
193.707
172.575
195.187
172.211
200.613
210.107
204.83
203.741
189.894
192.042
174.389
155.016
178.511
197.041
182.311
181.903
190.825
173.946
172.953
157.314
186.689
179.618
195.211
191.222
170.327
193.84
203.054
186.285
187.899
191.553
170.617
175.015
185.763
177.454
174.446
182.678
189.898
185.625
133.383
195.546
193.178
211.95
160.058
183.775
205.449
185.243
200.238
165.936
176.058
189.688
192.154
174.202
155.857
178.802
180.075
165.363
191.262
198.365
174.134
187.232
178.687
169.943
181.46
173.147
179.275
178.746
195.185
177.035
186.573
189.111
190.277
186.526
183.424
182.159
188.786
181.841
198.045
161.076
90.499
174.694
211.58
151.097
195.901
178.654
174.528
182.064
195.839
179.382
190.008
179.434
199.505
197.844
156.292
171.109
199.545
142.325
161.967
176.723
188.949
174.489
174.996
189.247
182.365
191.6
203.586
172.412
171.744
187.292
166.866
160.728
178.843
183.586
162.177
172.686
167.321
152.823
176.912
170.818
203.615
158.902
172.579
172.159
176.89
179.872
195.735
187.055
181.576
149.489
171.744
176.579
190.012
166.684
184.67
189.817
192.716
174.233
196.773
194.089
178.221
187.312
169.878
185.579
185.508
177.417
183.824
177.434
172.869
164.994
188.004
153.214
200.178
180.834
180.511
180.629
199.697
170.04
178.583
198.742
202.327
188.268
176.346
184.089
164.957
172.362
171.491
189.456
183.898
203.941
189.015
194.292
186.097
160.849
188.027
163.921
180.437
186.254
176.82
197.135
209.016
182.346
193.64
196.203
90.9122
170.027
148.2
202.98
164.326
192.802
199.725
177.916
168.137
207.89
175.817
174.457
169.323
179.211
199.917
180.161
156.289
176.551
172.906
153.869
191.031
191.659
175.007
178.931
181.391
183.483
176.401
184.151
199.868
199.6
206.548
195.144
163.417
190.938
193.58
194.362
168.435
183.359
176.103
195.787
185.046
173.445
198.21
157.183
211.982
182.455
193.205
181.166
202.62
184.214
198.078
178.431
202.296
167.537
168.698
152.588
186.385
186.677
185.737
168.833
178.606
176.014
180.52
196.713
172.591
204.482
153.651
179.861
176.642
159.646
195.413
192.023
158.365
201.845
168.681
181.663
169.393
183.597
174.388
200.471
200.189
188.91
190.027
177.333
170.946
171.08
171.415
189.063
178.09
171.661
156.477
169.669
172.619
173.02
192.779
158.337
205.146
174.214
161.565
174.185
198.569
170.928
179.978
161.442
163.079
177.16
199.995
164.938
163.806
181.531
158.313
171.372
158.853
180.717
178.258
183.929
193.114
164.738
179.298
185.969
181.538
199.341
180.252
169.178
185.298
174.316
181.636
196.304
201.037
188.355
159.371
168.543
200.135
185.914
189.933
156.42
176.525
182.386
189.776
190.424
186.188
173.64
196.781
186.627
167.117
208.76
161.595
188.837
173.76
166.38
185.949
186.955
184.147
209.872
193.121
183.18
184.306
163.881
175.059
186.619
190.558
167.515
183.411
175.341
181.134
164.77
172.003
182.646
168.308
190.99
169.034
187.119
191.472
184.616
168.072
203.2
159.505
216.678
175.719
176.103
188.054
180.243
188.089
183.447
171.52
165.039
183.053
190.95
152.775
203.243
180.875
200.834
200.121
149.592
176.619
171.666
188.494
174.853
173.221
187.09
185.913
201.213
160.512
172.294
176.715
174.462
177.338
196.07
176.434
150.457
178.267
156.605
193.308
186.405
168.434
198.998
182.227
194.53
184.19
169.103
192.527
166.097
163.171
179.792
195.091
182.996
164.587
170.264
186.946
199.447
180.79
217.593
182.012
150.263
173.227
174.19
178.22
183.978
202.733
200.603
195.482
218.274
193.967
165.886
152.835
174.201
211.888
188.068
171.807
156.638
159.685
174.817
201.366
198.461
164.405
203.981
190.859
192.765
202.961
157.99
208.342
168.423
212.043
185.85
203.751
169.713
183.938
180.914
160.595
175.899
178.485
169.21
169.485
171.698
167.367
210.492
166.318
166.998
177.893
186.215
191.859
180.155
168.863
208.364
189.764
166.882
176.12
147.55
167.839
178.683
166.222
196.324
178.545
190.864
180.893
184.438
180.584
183.942
134.679
215.427
186.872
198.64
167.374
180.333
189.396
188.712
160.236
200.007
173.105
188.212
178.112
156.048
180.405
155.923
185.993
181.259
169.655
172.512
167.786
177.167
176.005
186.452
195.447
189.421
187.136
198.779
200.939
202.134
186.983
186.354
172.695
199.871
218.981
173.42
199.888
174.336
172.795
164.589
195.368
166.305
195.148
168.633
190.919
207.455
176.929
182.788
178.864
202.866
193.436
182.396
178.148
178.328
178.562
187.917
172.816
207.429
177.726
179.977
182.505
181.168
175.198
165.061
161.256
174.031
169.388
182.314
169.571
207.179
183.741
158.857
169.118
177.041
196.883
145.431
173.61
184.708
190.446
187.004
173.545
162.343
170.274
180.147
155.27
188.431
185.16
158.719
166.179
168.816
175.214
171.925
177.392
170.418
191.936
155.351
174.754
173.314
173.073
165.552
196.106
213.042
168.394
191.211
200.233
202.682
146.589
176.987
155.771
168.338
152.992
180.899
161.945
171.752
205.19
174.451
193.528
169.129
182.042
194.192
183.567
162.404
194.414
189.822
183.524
176.187
195.685
186.26
170.523
191.892
188.819
151.262
169.479
173.297
147.886
185.184
189.151
177.572
171.609
159.381
181.211
146.532
166.169
150.402
181.923
193.824
171.369
184.739
180.948
175.894
147.158
169.705
170.998
177.744
185.137
191.682
167.669
174.643
167.275
205.571
159.001
182.146
151.925
167.268
173.997
172.512
173.029
168.556
190.587
202.329
191.541
164.489
198.943
173.24
173.806
167.237
180.384
186.693
204.569
186.192
173.824
163.274
163.279
172.484
168.421
186.223
170.452
168.164
178.587
161.436
197.422
193.254
181.21
178.47
172.217
164.624
168.103
167.423
188.363
164.24
192.934
180.932
146.623
183.696
171.027
189.555
166.667
195.728
145.079
186.479
186.273
180.547
180.329
172.29
160.133
189.433
183.257
184.804
205.083
206.926
189.128
180.309
190.327
174.911
157.876
180.524
173.607
176.604
164.576
185.031
187.912
199.419
181.553
200.215
165.404
202.441
192.067
152.467
192.869
188.956
189.079
177.899
174.71
186.135
191.179
180.03
187.465
169.307
179.82
181.383
205.183
188.232
197.212
204.474
146.364
204.092
196.155
160.299
177.381
177.942
199.006
165.282
155.83
190.67
194.529
179.502
218.02
192.083
183.96
189.022
172.489
167.766
181.488
182.104
195.335
173.087
170.248
197.443
200.225
199.551
202.073
193.238
173.029
202.474
181.466
180.37
217.191
175.336
213.042
167.288
171.655
184.591
187.393
193.217
204.623
170.094
186.551
158.087
183.14
180.395
191.068
169.242
187.14
201.418
191.229
177.323
185.518
180.454
159.587
156.91
183.801
132.66
174.654
208.296
175.757
190.802
155.58
206.111
186.137
176.324
165.005
187.378
184.076
196.823
194.042
177.745
188.039
171.004
162.101
195.179
201.106
184.361
165.082
163.469
184.791
194.192
207.424
171.394
183.97
183.259
177.898
174.245
166.088
192.885
183.209
180.639
173.005
177.231
159.478
183.071
166.819
180.276
176.823
185.193
187.183
191.478
189.077
147.901
160.747
173.396
157.514
174.503
197.507
168.413
195.734
220.462
180.318
155.641
175.653
208.101
170.429
168.273
213.184
200.659
166.387
179.735
197.74
204.329
182.781
194.283
194.254
176.63
193.828
188.061
176.427
171.332
180.393
165.009
195.479
182.984
178.045
187.538
174.694
181.524
175.753
194.228
204.955
203.783
185.237
179.356
171.68
199.195
163.626
166.658
172.373
210.895
185.894
179.675
180.132
178.629
163.199
180.764
173.89
218.503
171.982
184.423
157.307
168.388
169.936
177.548
146.239
172.522
185.98
190.344
185.132
208.331
177.496
188.12
174.099
179.212
200.1
182.953
191.472
166.311
176.831
184.842
156.668
181.112
164.68
194.619
167.309
177.434
200.993
163.183
176.443
180.475
182.426
194.902
162.562
173.344
170.668
190.04
178.118
183.161
180.362
203.028
179.949
175.96
166.023
189.058
196.993
184.508
167.382
193.29
193.747
184.616
178.298
174.926
202.398
181.901
174.737
150.519
203.997
212.938
176.483
193.956
184.087
170.727
181.801
172.615
182.897
186.656
174.712
194.83
198.826
195.658
150.646
185.621
201.526
143.858
156.303
178.34
184.713
160.437
175.826
185.458
163.771
180.985
187.95
174.477
191.675
188.303
194.698
180.427
178.661
186.401
176.757
194.79
164.384
184.13
157.754
164.619
182.463
188.951
204.027
186.399
179.423
181.62
185.912
179.954
185.079
182.815
172.512
178.791
171.762
165.756
163.956
200.065
185.273
182.171
182.149
180.243
173.125
180.411
183.108
179.876
171.078
193.726
199.122
178.379
186.732
163.201
185.49
176.63
168.724
158.582
160.304
183.059
176.003
177.37
172.288
204.384
190.566
183.352
177.706
185.971
195.799
183.31
204.304
164.16
184.29
198.51
169.043
185.248
195.949
190.463
157.941
177.695
167.532
165.72
207.655
175.107
186.049
209.121
148.683
212.237
158.998
167.557
168.941
183.869
194.493
164.011
185.487
166.56
160.053
167.965
193.266
187.332
183.384
184.968
185.751
189.663
165.163
172.753
168.854
177.161
158.662
194.803
171.949
181.673
190.707
168.838
155.75
159.579
167.024
185.38
201.288
178.516
166.348
184.715
176.813
187.555
184.818
192.175
164.732
181.961
203.627
174.732
156.833
190.882
164.005
194.353
175.092
172.893
169.534
194.433
190.091
166.041
182.467
180.742
173.108
180.092
197.816
193.273
166.765
157.315
183.132
201.939
196.062
193.108
178.475
168.576
171.607
188.452
194.314
171.64
157.673
183.163
185.985
187.006
163.255
195.925
169.252
159.247
185.415
175.058
184.348
187.844
176.504
174.133
186.353
178.486
187.757
172.114
210.76
211.431
171.798
193.24
168.524
176.09
197.674
173.0
176.617
163.474
168.664
196.13
173.741
183.382
163.847
178.894
176.892
178.945
162.638
180.501
176.313
189.273
178.654
168.552
141.121
179.746
199.066
184.341
175.788
169.51
166.408
192.745
162.894
163.177
173.706
183.968
117.485
197.001
168.762
176.628
195.154
171.704
167.337
168.757
189.831
192.728
188.725
179.141
174.846
177.282
179.414
180.578
163.051
196.074
179.549
184.105
182.301
205.574
176.63
170.421
157.106
192.266
154.925
169.759
180.845
173.429
154.458
173.532
192.287
161.102
205.218
185.419
181.36
205.739
196.35
178.389
169.026
175.904
178.285
177.921
202.425
183.272
178.692
172.088
188.011
179.587
183.69
187.352
197.149
164.094
175.79
154.345
174.927
145.159
175.114
183.632
185.756
193.553
175.219
175.799
179.307
174.733
173.506
164.226
167.909
174.352
184.07
168.483
163.769
182.777
189.937
174.987
170.733
188.424
205.947
152.304
172.189
191.221
175.446
167.279
184.594
169.322
177.738
134.466
176.878
180.717
178.356
183.305
176.861
171.27
162.76
192.855
167.989
173.013
182.123
187.561
187.451
178.409
183.232
177.0
117.828
182.554
118.43
200.026
193.109
159.643
185.45
179.433
202.063
168.205
205.615
193.166
153.395
185.432
182.731
180.048
190.455
181.055
168.897
209.668
171.698
164.718
208.316
186.643
191.997
145.852
183.904
169.186
193.295
175.712
184.101
162.901
187.97
175.769
177.565
172.068
176.655
150.807
165.492
172.866
175.246
187.909
192.061
167.793
183.75
168.029
181.757
173.713
163.723
185.79
176.429
175.554
173.226
196.777
179.904
162.47
185.991
169.922
186.679
169.89
208.348
177.455
168.69
201.869
180.273
165.011
189.444
180.628
166.138
187.503
178.315
173.736
195.329
180.159
149.068
163.635
206.579
168.568
173.068
214.758
187.474
194.244
180.826
188.274
184.898
172.743
166.477
164.374
164.966
173.568
197.116
197.21
171.054
160.388
157.761
172.953
172.082
169.845
190.489
184.104
202.16
183.845
170.355
172.234
154.347
148.344
154.476
190.12
163.847
191.541
174.791
195.762
168.936
192.5
163.73
186.847
183.777
156.57
172.984
181.004
174.671
167.653
174.244
193.676
177.917
187.509
187.813
175.104
154.988
184.766
173.098
183.932
188.138
180.488
200.461
185.034
192.277
188.875
155.942
168.96
163.984
180.777
181.066
172.305
168.027
185.468
184.322
188.475
186.537
208.389
196.762
197.093
179.549
161.462
194.213
188.339
161.793
186.857
182.524
164.143
169.962
184.762
160.026
179.346
173.733
164.265
149.151
171.378
197.207
207.774
173.663
174.333
176.918
160.118
196.106
174.836
188.621
195.391
184.428
195.259
183.69
190.083
170.971
169.447
189.546
182.942
174.237
171.273
178.554
200.598
174.835
200.64
161.772
201.718
180.27
169.986
157.107
157.076
201.262
181.443
197.378
185.165
171.198
167.172
208.134
178.493
186.923
181.26
174.343
190.793
166.902
201.252
166.035
196.057
192.559
163.737
164.79
174.119
162.543
197.234
196.534
173.82
176.389
185.903
121.264
169.089
180.152
150.051
166.815
179.206
184.346
178.24
203.577
192.244
200.824
199.562
193.288
167.928
171.0
193.033
167.359
196.086
190.461
170.867
158.761
173.658
175.898
187.834
185.593
190.558
181.307
189.65
171.917
165.378
185.963
195.033
191.746
163.168
179.301
174.36
161.937
169.081
155.01
178.82
189.128
174.168
183.913
166.085
189.705
174.23
180.668
159.485
153.866
199.088
179.878
181.173
168.382
178.444
190.683
196.803
179.671
196.997
182.188
169.817
178.203
178.855
159.45
190.56
172.061
188.211
163.083
211.017
194.677
175.153
174.585
180.515
188.586
188.179
174.072
161.258
172.283
200.65
195.923
174.128
159.372
169.33
192.227
170.943
169.716
199.715
185.082
183.007
190.071
179.068
180.441
187.171
181.048
199.293
154.719
171.786
170.165
221.898
170.422
178.363
181.044
189.541
170.008
177.312
175.144
189.67
188.318
166.667
191.079
188.916
174.69
180.666
169.582
176.775
183.985
172.514
171.862
190.921
166.714
196.433
200.505
183.308
169.332
162.331
182.316
209.846
178.951
175.979
194.003
169.794
173.98
185.905
195.943
193.275
184.45
161.493
194.432
189.688
171.57
177.924
172.062
203.325
188.438
176.464
181.484
174.593
191.92
179.258
200.922
179.878
177.527
188.478
166.629
188.579
180.623
166.524
178.12
201.432
166.124
157.088
181.667
201.384
180.961
189.549
156.98
189.335
188.191
174.671
176.045
195.059
183.922
149.254
179.884
206.352
160.568
193.625
171.841
172.995
179.708
188.438
188.342
190.215
189.289
162.785
181.291
190.263
169.395
192.335
178.679
152.223
94.3936
186.189
164.45
177.027
184.801
190.897
162.562
177.06
183.46
178.667
185.48
184.972
190.214
181.229
168.712
179.747
191.513
187.136
187.477
183.405
187.06
181.342
176.061
179.534
173.435
187.819
188.721
174.697
167.746
178.852
202.266
198.064
168.461
179.423
157.256
184.67
172.237
170.876
161.407
174.726
194.197
182.244
182.855
194.948
172.078
191.372
185.241
202.357
182.61
161.322
215.215
164.822
180.38
180.864
156.57
189.382
191.073
195.021
176.55
188.187
199.205
173.957
189.828
181.61
181.404
172.35
195.586
180.676
188.88
175.986
160.768
189.578
172.611
158.621
203.367
185.319
169.053
162.855
193.661
171.335
179.521
186.996
160.333
182.957
177.549
190.284
167.584
179.305
189.987
177.64
158.677
197.679
189.509
165.074
173.893
175.984
175.071
181.692
205.882
145.861
193.674
192.589
151.887
166.228
204.178
177.309
182.381
197.874
188.293
203.06
205.488
170.624
186.474
171.091
181.021
162.827
200.277
174.911
163.469
201.703
177.439
172.543
189.153
184.493
158.085
156.94
195.579
177.529
168.87
174.766
191.251
204.008
184.362
182.333
162.527
178.249
193.631
158.444
198.489
199.244
190.468
189.802
183.407
177.391
171.222
159.58
194.425
177.419
195.681
174.33
188.258
192.494
169.335
183.856
183.919
209.243
191.983
171.972
177.354
178.141
182.314
170.961
172.418
168.67
169.67
176.308
200.947
184.624
204.776
194.692
178.447
195.725
175.961
184.193
179.479
185.06
189.514
191.096
181.57
175.047
148.902
177.391
187.531
185.404
157.359
171.294
176.697
147.326
170.348
182.33
181.216
194.988
169.582
189.61
191.035
198.491
176.422
180.234
190.922
202.978
161.578
180.595
173.745
184.806
184.65
198.579
194.904
165.566
173.859
188.535
180.201
192.304
189.418
180.426
156.324
170.006
181.721
180.619
183.926
194.39
202.837
208.663
169.067
194.003
185.445
171.512
167.455
169.716
157.044
179.298
165.866
165.385
189.282
170.055
151.927
185.917
177.393
172.217
170.495
190.808
187.974
167.645
156.424
166.804
195.357
190.963
160.593
186.938
183.661
190.601
192.603
179.074
178.757
197.191
186.9
195.9
188.339
178.341
186.415
189.214
195.953
189.531
167.607
160.206
198.863
165.733
202.475
180.091
171.682
175.938
176.124
172.886
184.409
186.605
171.837
171.093
183.591
160.405
167.33
172.557
170.26
201.482
196.996
206.357
178.393
179.163
176.884
194.964
187.775
160.671
200.228
172.767
217.61
185.276
182.747
167.613
176.351
157.75
181.75
176.02
168.597
173.006
183.853
183.787
169.788
175.662
193.388
171.773
174.571
155.367
181.375
185.63
189.378
184.117
187.013
184.284
167.472
191.952
196.829
156.273
195.002
193.996
189.95
196.375
207.018
171.248
177.142
157.655
179.498
185.322
179.778
155.508
186.346
191.47
167.479
163.708
192.217
172.502
202.444
190.921
175.172
168.06
172.172
192.072
169.379
185.768
210.79
186.091
185.056
184.124
189.524
193.357
181.303
177.431
173.861
195.615
189.154
164.561
189.09
166.796
182.421
191.969
166.664
192.736
167.267
157.853
195.457
166.854
184.792
172.011
186.275
178.331
182.701
150.084
194.639
183.168
180.371
160.139
153.564
190.651
179.966
180.828
166.087
173.508
177.882
149.818
175.608
182.506
186.029
191.098
188.01
176.941
197.523
165.534
185.309
156.429
174.646
164.771
183.868
178.588
188.039
181.687
144.769
157.979
210.848
185.355
156.811
169.178
164.718
180.35
199.043
164.383
175.997
191.518
187.514
171.759
171.155
166.701
172.738
177.458
173.568
164.187
150.387
162.321
174.435
190.398
186.661
184.102
177.272
167.875
204.172
200.709
168.129
180.246
195.219
170.852
169.841
188.395
176.402
170.216
181.894
165.782
180.157
194.763
171.857
178.951
194.507
179.079
174.601
173.492
151.348
200.904
197.68
173.127
175.583
182.938
190.607
185.139
185.185
188.742
177.065
193.004
172.458
160.516
184.529
189.223
192.665
199.193
166.624
165.415
191.82
189.909
171.77
152.544
170.939
196.998
184.946
170.564
177.358
186.664
203.132
204.077
197.648
171.501
178.248
170.007
187.563
212.631
186.968
184.115
162.484
170.635
148.511
179.494
186.022
167.285
182.366
202.646
169.117
178.45
177.241
191.206
186.39
185.819
185.456
172.761
175.105
178.933
166.269
196.176
176.809
205.135
187.852
172.058
184.759
147.118
190.342
173.036
186.398
192.04
175.18
159.126
177.363
167.651
205.82
197.139
182.684
178.928
166.944
167.47
180.935
187.395
184.694
191.752
181.612
174.843
188.99
190.621
185.537
164.055
203.173
174.526
167.758
174.914
206.713
217.7
186.232
169.035
196.753
193.114
176.482
186.753
196.563
173.804
177.959
194.096
174.895
205.952
194.419
193.598
176.295
163.417
172.063
184.907
184.32
189.475
183.001
170.759
200.0
171.414
181.014
163.453
150.777
158.182
175.613
175.807
171.167
168.165
193.763
168.274
180.942
186.181
178.824
177.202
165.456
189.79
172.769
148.246
201.011
161.029
188.79
175.857
167.775
214.218
177.551
189.749
199.845
199.089
174.576
181.848
202.707
197.089
195.732
184.49
197.027
189.58
164.729
181.338
188.394
167.527
184.225
174.659
158.118
187.412
165.208
156.157
184.019
180.455
207.699
181.181
179.67
183.057
172.259
156.062
176.965
182.132
183.281
170.503
193.976
179.477
192.903
183.366
189.716
173.941
215.466
190.257
164.747
167.137
167.957
175.504
188.181
145.999
175.319
184.322
184.305
174.677
200.263
167.798
170.995
174.596
179.7
175.054
176.651
187.757
198.342
158.306
180.037
176.351
183.589
178.994
178.861
184.87
168.458
198.448
182.585
196.975
186.248
176.118
179.758
209.22
208.105
192.432
168.4
207.064
171.899
208.505
171.327
178.065
178.504
167.846
178.514
175.141
197.311
195.665
209.761
187.53
183.552
173.593
172.025
204.761
160.027
177.155
195.954
143.623
185.368
193.773
105.986
167.579
178.505
169.839
159.43
196.93
207.238
171.488
207.437
182.812
178.255
197.163
164.876
196.056
192.416
184.172
165.14
164.895
183.765
166.957
185.857
171.384
212.906
184.674
151.176
176.161
176.027
174.128
201.314
194.763
194.563
182.109
179.763
173.288
186.155
194.645
172.979
186.018
189.339
187.88
198.85
181.987
173.014
180.502
162.493
191.484
187.842
164.695
196.451
182.735
167.396
192.639
201.231
185.73
179.828
151.929
162.107
199.608
193.841
183.952
178.492
175.691
163.336
152.938
184.517
170.684
178.826
162.095
179.735
173.062
184.37
167.253
180.062
173.616
173.259
193.379
175.514
183.259
169.507
177.597
176.104
178.992
214.73
178.763
194.471
170.523
172.514
161.884
197.638
188.337
148.321
171.56
170.51
183.953
183.898
175.878
153.983
188.03
91.8572
198.345
185.57
180.351
198.417
177.668
194.364
172.327
183.132
167.669
189.196
167.03
193.604
186.998
180.077
186.527
158.18
183.648
169.389
182.455
171.89
180.173
191.547
158.908
169.405
153.123
213.795
198.435
197.015
200.639
175.587
187.584
176.339
185.624
158.991
184.715
168.725
175.959
177.529
174.255
193.097
179.074
189.026
213.794
167.32
173.388
208.144
206.716
191.169
197.546
194.358
168.966
205.334
181.408
186.433
202.703
177.062
176.576
192.66
174.689
200.498
186.721
200.286
161.643
183.247
188.031
179.325
174.161
171.988
179.973
163.242
180.775
177.593
201.358
192.961
178.479
190.386
192.482
168.339
189.438
182.73
182.538
177.532
179.493
183.188
168.505
189.134
181.473
175.838
177.164
224.56
182.713
186.597
198.602
186.706
194.452
153.675
180.898
166.092
187.463
181.428
171.074
194.989
187.935
170.837
140.67
191.504
163.983
166.798
182.986
196.911
185.915
190.992
186.288
188.186
181.329
183.24
191.747
171.507
147.548
165.188
186.372
170.657
175.666
186.074
159.638
177.794
179.481
157.888
209.766
177.257
182.129
174.11
189.735
180.874
165.991
186.279
188.522
167.082
159.268
192.908
169.84
127.263
178.708
143.914
155.788
185.597
150.085
168.884
179.267
166.212
170.736
175.505
180.892
189.05
178.811
154.821
142.257
186.569
191.454
180.482
198.764
203.445
182.279
180.033
173.523
185.504
185.719
176.726
193.787
178.505
180.164
178.935
165.132
158.95
163.645
181.789
171.453
163.525
184.914
168.519
179.239
200.508
200.318
193.982
192.512
181.813
169.372
166.047
197.29
174.048
158.746
176.352
185.204
188.399
168.504
190.629
178.292
199.726
174.825
186.091
187.721
173.827
175.501
163.68
186.21
176.411
184.159
183.765
173.082
189.859
190.136
183.89
180.515
157.183
168.05
177.989
172.736
187.226
173.272
163.422
189.799
183.027
177.01
177.171
171.249
163.626
189.383
163.122
171.412
196.803
169.872
169.13
171.382
204.71
187.999
184.908
178.918
163.006
157.881
171.328
182.979
155.403
177.346
200.044
185.798
176.899
170.8
167.696
191.108
181.644
175.824
183.207
178.175
193.898
177.184
188.023
187.611
200.802
143.491
138.465
184.424
180.455
206.934
154.923
202.677
191.633
175.024
171.752
161.031
183.555
169.137
170.429
165.114
179.685
176.642
188.564
188.945
173.061
189.839
213.794
175.215
170.625
195.752
176.127
177.502
191.025
167.476
196.528
184.793
175.697
186.021
161.06
192.279
179.11
184.607
177.085
176.682
174.543
175.696
184.413
202.463
184.179
180.775
172.358
173.16
195.222
183.428
175.223
170.775
184.571
164.99
177.751
169.679
189.075
175.623
198.643
182.072
170.295
160.971
172.171
166.97
195.486
183.525
199.3
195.354
188.704
178.282
177.541
178.898
167.721
200.603
194.61
160.238
197.003
173.951
169.859
178.169
191.105
161.255
170.691
170.184
181.555
172.302
194.892
181.154
191.504
181.928
153.412
167.317
170.618
169.744
199.962
199.384
174.576
191.707
183.801
177.933
168.783
219.463
161.955
192.444
183.088
186.516
188.839
184.901
184.416
170.343
147.988
170.757
168.22
190.981
190.716
194.783
192.676
173.227
166.331
194.691
180.556
170.841
192.286
186.751
183.869
173.179
176.849
159.558
177.287
179.653
161.887
199.248
184.206
173.405
181.369
171.004
189.507
193.365
125.595
180.381
185.963
195.121
168.519
153.878
187.075
174.846
190.432
169.014
182.252
224.678
183.013
170.553
199.055
183.5
200.333
175.37
197.466
160.497
182.555
170.514
165.666
185.597
193.902
197.364
180.516
175.15
202.457
178.071
179.16
174.46
195.502
188.403
179.699
167.182
155.46
193.554
173.76
163.248
160.31
191.697
174.924
177.573
183.208
177.018
165.358
179.186
172.207
101.749
176.933
173.295
165.255
188.641
191.969
186.812
114.092
162.891
190.65
177.51
165.953
193.491
179.463
184.958
196.173
187.226
162.134
183.683
176.86
185.029
176.768
180.012
191.254
170.285
182.141
168.124
168.958
178.357
184.569
185.169
170.969
141.217
181.278
173.81
184.444
194.007
179.545
177.511
168.124
183.198
165.495
180.894
185.512
173.212
187.427
192.653
197.495
181.643
175.281
186.65
179.354
180.162
192.106
169.464
174.359
182.664
174.708
182.051
165.335
181.676
189.134
189.16
173.374
169.562
174.312
186.64
171.498
181.403
186.091
182.898
187.127
193.743
179.407
197.796
191.321
176.685
177.855
177.613
177.562
162.796
166.628
171.159
184.034
180.93
164.141
159.22
182.389
185.193
162.924
195.745
204.139
191.898
194.901
179.908
175.959
185.438
199.756
160.2
207.891
201.724
178.692
189.441
186.57
156.33
182.423
173.157
190.26
172.552
186.11
165.502
195.962
173.509
188.5
161.598
191.606
187.029
187.316
188.213
182.328
159.853
193.608
190.385
195.706
162.594
179.848
176.917
172.848
180.801
194.778
180.161
157.918
181.626
163.341
177.71
175.755
163.862
191.497
182.712
156.355
193.705
172.428
173.657
179.539
204.284
173.465
175.945
183.282
166.49
180.698
