173.292
178.798
187.828
181.487
178.459
202.261
193.028
163.799
180.186
201.84
187.084
204.26
159.885
207.551
182.807
165.343
195.416
176.513
159.137
156.76
195.798
191.105
178.888
171.447
186.96
190.969
161.967
198.012
195.555
179.09
186.447
157.335
174.074
190.158
189.942
193.586
201.72
166.253
180.243
184.533
169.622
155.781
184.877
189.395
183.969
198.562
173.13
152.668
188.509
182.57
191.315
164.731
177.701
190.079
201.088
164.159
186.765
167.083
187.685
181.284
185.156
187.296
185.889
191.754
153.717
184.717
184.404
164.909
169.646
183.867
192.635
184.375
198.168
175.816
177.169
169.807
171.192
152.035
188.007
196.491
174.685
182.853
162.754
178.317
185.644
173.494
196.515
210.264
195.254
201.42
183.812
207.369
175.794
179.314
177.818
225.352
174.684
182.32
183.488
161.341
174.475
208.564
180.246
168.051
171.11
195.367
192.621
203.902
196.953
186.734
171.415
179.035
159.631
198.004
165.371
176.798
187.731
191.635
193.73
194.647
162.739
171.03
165.57
202.233
163.038
177.403
200.229
166.7
179.199
173.271
183.117
163.205
158.58
161.022
195.102
179.437
186.622
211.592
173.204
202.318
170.237
198.67
159.898
179.423
187.353
197.474
182.778
177.464
197.031
184.878
175.064
184.984
191.785
197.86
159.531
179.769
192.023
177.095
165.469
174.552
167.921
160.042
182.474
150.399
188.663
165.475
173.736
188.637
186.267
162.924
170.321
180.374
185.085
167.896
183.585
207.902
201.501
171.549
205.263
168.37
175.494
177.008
154.346
195.984
183.606
172.041
187.426
154.68
206.088
185.67
176.283
173.033
164.375
175.396
187.23
165.285
190.277
197.23
164.349
185.768
202.994
177.238
178.315
193.063
177.557
168.412
198.118
182.609
197.066
198.547
196.608
159.991
175.574
177.369
169.541
187.508
202.486
185.607
197.112
163.271
167.376
205.62
189.52
156.079
196.156
194.508
179.436
174.028
161.855
209.518
148.137
171.268
186.729
162.017
185.299
179.341
157.878
192.684
176.298
201.572
156.762
181.122
212.78
188.976
202.224
189.092
162.771
172.121
183.95
174.393
199.141
150.622
181.184
198.164
190.929
187.483
167.241
171.535
176.759
182.67
179.78
198.636
183.146
191.282
198.269
161.645
175.301
173.472
174.084
207.374
181.393
205.027
203.099
178.381
177.757
167.399
155.948
166.334
205.459
182.882
202.558
165.078
179.571
188.581
185.65
181.061
178.819
201.463
170.672
206.737
184.045
204.781
170.973
171.235
195.115
174.239
174.275
180.33
167.562
172.27
190.013
164.164
176.149
162.735
188.246
180.535
175.998
164.825
184.142
173.331
195.388
172.064
170.45
193.492
174.589
156.357
177.624
175.998
171.731
168.523
181.072
193.757
171.555
202.448
167.162
178.044
193.79
176.507
197.59
160.474
189.129
183.833
171.866
186.879
174.707
179.019
183.984
205.924
189.108
193.462
203.884
162.805
170.646
176.851
192.929
181.225
177.243
178.225
150.204
186.472
179.04
163.473
205.664
176.098
183.27
163.235
176.557
186.254
169.785
178.539
190.19
216.226
177.524
174.595
187.196
177.761
195.997
164.818
174.532
183.152
179.345
180.235
175.514
181.526
181.067
162.348
183.958
167.095
188.127
187.101
180.62
175.7
149.132
162.102
181.192
196.818
184.89
189.616
188.863
171.107
193.156
152.295
187.932
164.177
170.176
205.865
194.492
154.329
193.147
177.775
186.09
191.625
187.621
170.22
182.709
164.309
173.194
185.774
171.042
182.744
180.438
181.276
161.834
177.882
191.782
176.992
170.052
180.696
184.357
190.7
171.272
176.243
204.197
212.458
206.72
187.665
185.239
197.491
196.433
192.759
178.035
187.853
208.88
121.455
187.251
186.731
193.359
182.166
180.984
185.75
199.655
172.947
182.764
179.483
172.747
180.464
159.571
176.32
210.123
157.167
196.178
173.938
175.434
177.201
184.334
166.99
173.05
201.559
168.851
209.36
164.483
219.106
166.7
193.497
198.532
177.485
177.832
184.694
179.95
172.041
198.795
180.472
190.559
171.769
191.401
176.657
202.594
178.628
177.198
171.793
174.68
171.964
175.277
152.12
183.41
178.995
186.218
166.621
163.795
190.836
176.688
176.914
171.873
192.105
190.525
193.258
172.71
183.431
183.87
187.859
191.37
170.887
171.906
172.267
188.851
167.58
203.895
180.84
207.446
191.714
179.695
208.656
188.116
179.865
174.019
146.321
202.498
164.346
192.213
165.937
190.522
184.739
194.333
192.88
163.649
191.858
187.93
188.585
184.801
182.666
174.361
169.333
202.688
189.515
187.093
204.487
183.279
188.636
185.656
190.689
179.523
176.345
190.139
176.324
199.159
204.428
171.257
177.608
193.694
188.429
167.758
180.87
173.61
171.078
203.867
169.63
186.363
201.291
184.22
174.651
188.458
182.269
189.149
177.653
201.529
197.246
189.105
184.101
167.182
209.859
183.629
178.108
177.104
161.082
201.337
164.2
183.921
178.741
180.548
179.187
198.516
207.009
180.602
174.91
152.439
165.273
180.967
166.646
183.531
202.008
179.964
179.324
191.494
190.842
185.987
182.322
168.569
170.939
187.045
172.922
185.22
170.47
196.605
181.131
194.322
176.134
177.966
172.262
188.054
178.163
193.355
171.754
188.854
153.854
197.03
197.956
188.95
179.885
169.907
164.869
166.039
172.872
139.252
186.21
161.461
179.94
167.396
201.651
193.127
199.462
186.78
165.282
175.281
193.693
170.935
177.523
171.947
179.095
173.963
173.865
182.457
175.381
171.967
165.504
190.978
183.541
155.245
156.731
188.716
163.128
179.197
201.558
172.67
189.926
195.928
181.161
199.774
177.365
181.976
211.978
176.671
182.613
178.052
185.781
174.087
188.047
174.125
174.548
181.247
199.712
170.939
166.436
169.754
169.373
182.826
172.404
188.292
172.197
215.392
175.404
178.088
172.31
180.163
161.699
165.927
176.849
156.013
183.631
193.338
179.154
192.609
184.858
200.077
217.94
173.256
180.251
207.721
174.501
188.853
179.131
195.99
151.179
176.295
158.568
187.162
158.693
189.597
175.523
172.09
188.19
183.53
174.835
187.543
182.153
176.759
179.079
181.834
181.02
198.299
177.056
195.079
177.569
171.188
182.401
176.603
175.761
171.056
171.571
190.16
190.035
200.139
194.295
178.352
166.322
188.679
197.69
183.525
168.002
159.507
166.737
181.696
190.016
193.99
176.732
175.731
190.185
160.35
180.361
182.625
182.225
167.389
182.267
204.657
192.473
181.395
180.842
173.627
199.621
215.767
163.301
195.262
179.844
151.757
195.277
163.937
185.748
182.836
214.074
190.105
159.747
185.244
187.017
189.353
190.059
169.329
166.09
211.468
173.869
150.501
170.789
188.464
183.927
209.259
175.189
193.439
169.895
202.673
182.175
188.67
202.423
184.379
174.281
191.74
170.082
189.518
190.6
169.826
170.183
190.772
176.873
189.513
201.906
170.944
194.963
194.659
202.031
157.447
165.592
196.625
176.166
155.394
171.729
180.453
170.208
165.389
170.605
185.61
201.125
185.685
176.97
193.809
169.98
166.639
165.503
175.337
179.424
189.608
198.14
155.862
190.516
200.588
165.596
200.709
184.528
185.994
177.092
170.391
186.037
196.891
180.272
175.231
162.851
209.211
178.631
191.254
194.845
179.116
199.286
175.337
194.13
183.268
202.49
181.652
188.384
170.189
196.068
184.338
201.66
197.042
176.726
182.503
159.974
185.338
174.323
163.675
193.28
177.568
168.854
202.578
156.781
177.324
180.995
169.908
190.318
158.277
179.489
176.743
181.77
175.003
210.726
164.767
167.428
205.209
198.719
194.067
206.596
173.299
189.258
210.49
170.669
180.461
193.564
144.08
204.525
170.632
204.126
166.032
175.091
177.096
190.311
206.985
170.986
233.024
160.663
191.946
174.673
182.336
198.43
177.371
178.355
169.106
178.938
189.505
187.815
180.102
198.833
189.376
180.458
202.731
194.939
176.152
201.135
170.483
171.69
166.973
194.964
196.675
174.535
191.206
172.504
167.135
200.95
194.923
183.075
184.098
171.006
187.655
192.635
177.774
187.293
200.637
198.574
206.108
191.159
173.574
183.082
187.572
154.697
174.5
173.035
203.612
188.134
173.909
195.967
172.583
165.403
194.373
198.378
182.938
180.424
191.142
185.363
172.305
164.027
190.655
181.274
179.603
209.962
199.617
165.811
164.715
170.782
203.214
183.629
167.475
174.087
184.46
171.174
175.954
166.908
162.114
169.199
193.844
182.03
163.144
183.2
195.685
186.033
168.598
184.408
188.212
198.382
175.245
186.353
177.941
176.524
169.7
173.015
179.946
187.67
179.45
194.557
191.673
190.329
167.434
175.386
204.939
196.123
162.794
161.424
183.617
168.775
156.438
198.538
173.174
181.811
200.379
170.209
177.376
180.544
186.536
153.56
180.844
159.768
196.423
159.635
191.631
174.828
175.069
182.134
178.395
174.002
188.695
200.78
190.341
177.188
175.423
186.346
168.768
184.368
197.476
181.184
193.43
192.781
174.421
163.188
166.273
203.004
203.17
197.898
175.21
203.68
170.746
177.525
171.079
198.417
202.456
158.064
196.509
177.154
214.551
206.479
183.83
163.264
168.71
162.153
166.469
202.413
194.678
205.409
154.366
156.898
174.323
182.021
192.663
200.241
179.317
176.754
202.053
186.666
184.581
170.572
172.958
187.244
189.417
184.367
198.579
178.35
178.93
172.187
183.058
191.062
178.11
151.653
187.219
199.137
172.672
195.774
183.133
186.314
190.561
182.778
169.687
156.205
175.601
169.357
193.946
197.081
188.494
203.724
176.577
200.503
180.187
188.133
186.48
198.69
200.677
165.565
181.491
177.24
161.529
186.687
164.498
185.253
192.446
202.393
186.07
168.309
178.831
150.82
165.607
186.085
185.669
169.666
183.177
207.006
173.518
185.749
188.449
171.349
194.592
171.375
193.971
200.119
210.845
165.573
174.091
185.448
191.278
200.316
195.692
182.414
165.132
190.932
190.857
167.705
183.873
194.413
200.557
180.214
185.2
187.754
189.6
198.526
202.405
174.745
190.33
174.464
191.917
185.857
197.641
169.124
194.506
185.876
183.966
170.503
176.59
178.422
191.782
190.582
167.757
176.132
184.977
178.335
196.039
171.05
168.471
178.522
199.179
190.698
172.04
169.066
199.174
176.66
189.57
171.119
195.764
174.665
183.272
164.458
218.765
197.776
175.603
202.886
192.889
178.451
184.994
155.569
193.869
212.748
184.269
189.599
188.918
200.614
170.333
169.806
160.16
186.042
202.211
183.206
184.13
184.897
200.242
167.278
200.223
196.883
204.572
174.863
183.016
177.049
188.138
179.362
169.719
193.43
174.069
194.051
175.639
211.806
196.302
182.189
207.205
175.106
166.752
183.934
163.545
216.02
163.171
176.408
180.625
175.942
192.788
169.454
190.393
168.641
151.792
175.229
194.594
231.669
182.27
169.924
177.935
178.447
177.37
170.946
173.766
175.659
184.991
189.393
163.299
174.207
207.263
179.496
170.242
165.69
157.106
158.383
177.03
164.987
187.575
187.775
193.624
179.12
182.441
164.678
207.514
171.97
180.813
169.509
173.95
153.231
177.252
167.355
185.658
190.112
177.566
194.678
196.127
163.19
191.418
194.62
202.69
207.849
175.888
192.015
179.661
182.392
188.316
182.318
156.386
217.781
174.159
188.33
193.713
193.215
185.773
189.372
190.443
171.468
175.491
195.165
166.543
165.86
192.948
211.423
202.219
204.919
204.338
169.603
203.115
171.174
193.136
168.045
180.54
190.844
179.213
178.728
164.112
165.041
172.268
180.06
186.443
195.575
179.094
188.781
196.494
182.497
177.359
201.587
184.673
196.048
183.204
172.415
160.406
173.897
178.401
168.884
171.686
178.292
174.833
185.677
191.022
168.829
169.493
172.736
163.637
190.009
200.502
188.206
183.358
178.85
165.998
175.857
194.225
172.739
170.959
197.251
164.586
206.099
195.526
178.602
167.331
168.015
188.379
180.939
176.444
206.083
174.289
187.571
168.388
172.825
168.665
194.216
186.149
197.668
173.682
196.707
178.668
188.791
174.773
183.269
187.852
178.104
174.402
176.347
203.568
192.963
186.16
153.364
174.691
185.217
178.008
174.345
178.942
181.51
194.531
181.015
174.425
183.87
174.198
164.927
180.865
184.022
218.147
194.472
160.312
185.479
166.874
188.224
180.683
188.051
183.574
192.169
202.655
173.441
168.632
189.225
174.246
175.967
170.457
177.442
167.313
174.577
195.855
186.17
174.21
179.41
175.178
160.482
185.771
203.287
186.566
194.58
194.446
177.863
174.604
194.016
189.152
183.845
184.222
197.33
180.666
176.608
176.315
176.357
187.903
188.99
209.114
207.861
183.089
180.321
181.082
189.546
192.004
196.653
163.713
180.923
176.617
199.296
168.888
200.187
201.965
163.705
193.782
171.455
204.851
185.492
179.177
191.157
184.68
183.077
196.054
211.322
164.167
170.84
169.977
163.087
145.881
173.505
155.553
178.702
179.693
197.074
178.897
163.49
196.549
184.411
181.352
181.756
192.686
192.682
182.162
184.711
183.906
181.298
191.378
169.427
209.875
204.646
181.471
181.45
167.925
187.977
211.272
185.916
189.317
180.783
159.121
182.006
182.872
183.942
141.782
173.631
180.747
159.479
158.588
200.579
174.19
191.658
149.921
202.448
177.992
188.725
189.979
187.687
193.189
192.464
174.939
190.312
178.922
181.909
185.482
197.283
182.745
202.489
165.853
172.642
182.097
172.198
173.69
185.869
205.645
194.791
206.247
164.322
174.9
171.684
185.944
199.864
155.873
185.646
177.552
195.837
180.61
181.638
182.18
180.924
191.866
182.066
186.761
179.31
168.288
186.423
171.801
173.759
160.717
181.933
191.824
204.72
185.182
174.037
171.689
196.563
193.287
202.413
188.753
193.413
196.757
189.145
178.3
200.747
168.927
179.057
174.775
187.123
158.535
178.992
184.803
190.36
196.897
186.501
207.27
165.959
188.997
185.003
199.986
161.72
186.422
197.399
185.169
185.503
193.356
188.826
174.7
177.807
188.71
161.499
168.524
188.159
159.66
190.192
165.872
211.323
193.038
183.474
196.828
180.773
173.811
195.788
193.373
200.355
164.375
149.405
178.647
177.807
183.876
174.955
163.604
170.387
172.604
188.411
182.304
185.356
168.233
179.614
187.893
177.852
185.347
183.815
180.8
193.117
186.049
187.444
170.561
175.943
208.179
198.644
188.293
197.669
181.389
176.041
170.528
183.655
168.878
150.324
193.185
210.212
177.391
176.601
184.633
201.545
162.709
183.019
162.397
174.009
168.143
185.658
178.001
190.551
177.772
188.66
204.777
214.038
150.62
210.064
191.074
191.336
188.387
176.57
164.973
200.527
165.199
204.572
196.911
180.773
170.382
190.187
180.496
195.481
171.978
184.086
163.07
172.239
171.761
186.248
181.448
167.955
173.726
193.471
189.855
174.246
179.793
209.934
188.848
176.82
206.777
190.937
180.319
176.916
197.926
185.248
183.688
188.026
168.377
164.176
173.086
190.76
183.477
169.461
191.11
170.625
161.152
175.923
186.301
166.35
177.914
202.92
194.434
188.483
170.529
192.034
192.622
190.815
183.123
169.94
189.598
190.326
173.55
192.382
172.434
183.32
182.684
190.239
183.241
189.198
209.771
191.936
186.163
193.688
162.676
167.746
187.05
168.947
179.09
199.856
190.193
184.395
182.211
172.9
177.534
177.05
207.412
178.328
177.776
187.447
159.568
184.142
173.883
201.596
186.338
195.199
179.095
183.54
202.87
195.476
175.414
173.344
188.86
154.201
179.457
209.671
176.33
190.475
188.214
212.914
188.846
159.455
189.239
185.238
198.551
181.957
174.54
199.627
201.369
186.955
169.916
156.485
160.015
178.194
190.054
185.392
200.798
191.363
179.576
191.64
220.399
189.208
171.302
194.358
177.927
172.65
189.464
186.788
163.139
195.589
186.362
187.216
193.472
176.452
192.934
201.644
176.461
205.227
206.102
186.187
158.048
186.59
204.48
180.025
183.966
174.822
198.976
212.776
195.833
176.301
185.871
169.061
184.919
187.943
189.749
191.188
188.26
183.228
188.662
187.34
187.925
168.919
160.423
191.328
220.889
162.32
176.516
164.911
172.329
197.382
175.955
205.728
185.395
169.058
156.195
180.785
181.978
170.701
176.36
195.231
163.858
164.703
180.81
182.697
202.332
218.679
165.281
179.713
187.445
205.248
163.515
163.345
171.352
187.338
172.021
184.284
164.684
171.466
169.961
207.217
175.93
194.029
169.916
161.068
203.147
193.818
195.528
190.355
168.4
165.727
198.926
197.769
188.573
178.583
178.368
182.931
176.28
192.273
185.034
173.752
187.697
188.071
185.037
191.54
174.751
178.977
159.85
187.453
184.215
181.559
197.225
174.844
185.115
165.736
180.154
167.857
193.494
185.344
174.354
181.773
181.741
148.676
175.939
200.532
161.111
186.044
192.293
166.938
167.386
181.077
201.613
188.471
210.261
205.209
215.496
172.362
199.013
210.107
182.998
207.187
191.685
177.938
190.362
170.274
191.911
165.492
163.34
205.462
187.077
176.98
184.564
175.638
204.579
197.727
185.926
186.133
189.602
193.371
168.867
167.404
183.99
169.006
191.423
185.425
179.744
193.586
192.39
178.771
200.627
197.668
169.456
171.768
199.49
177.686
190.041
207.905
141.211
166.514
176.75
196.579
203.471
182.315
216.565
183.22
182.806
203.59
193.154
192.105
194.685
189.675
190.128
181.152
159.199
187.357
187.633
187.792
183.566
184.515
174.829
177.188
169.304
175.752
192.712
193.417
184.954
185.273
170.636
193.275
166.374
197.719
197.581
184.493
183.047
211.378
170.985
175.751
187.467
186.96
180.689
196.648
178.96
157.692
178.469
185.558
160.796
195.08
187.033
190.717
166.273
174.234
172.139
194.031
183.67
181.906
186.022
179.719
172.175
188.843
179.374
197.742
197.225
180.11
167.259
201.135
196.162
193.253
176.741
168.184
162.383
196.649
179.201
182.692
177.162
184.752
179.431
172.755
180.885
177.709
177.574
170.505
181.653
156.822
176.167
174.147
188.573
182.608
188.581
182.952
168.841
188.396
165.902
189.111
171.295
181.405
167.884
176.096
166.146
181.419
186.428
186.43
192.806
199.241
198.187
178.033
174.604
185.968
192.095
170.745
149.366
208.319
190.267
194.498
174.48
190.835
165.397
178.603
175.109
184.794
193.809
157.467
176.209
194.927
171.663
185.954
187.261
173.885
205.777
178.885
193.0
178.574
195.131
194.496
180.806
205.251
182.116
181.179
160.754
171.253
184.54
165.655
177.92
195.779
179.696
183.644
177.579
174.354
200.531
176.116
186.758
167.554
218.613
154.73
189.142
193.071
163.95
204.549
185.584
185.946
188.376
184.057
174.858
167.649
178.346
177.701
180.855
183.329
171.755
202.003
196.028
178.342
181.61
178.602
183.141
149.336
185.954
162.259
164.496
188.839
194.311
206.702
164.396
169.159
183.672
191.676
167.511
154.282
184.825
199.591
197.91
179.623
181.147
213.608
171.746
184.054
163.612
167.579
178.636
177.083
182.07
174.616
172.252
199.212
182.153
189.064
190.754
196.41
196.136
178.529
177.569
175.325
212.747
195.982
179.523
171.551
196.26
187.407
186.352
202.301
190.897
183.029
206.302
147.021
187.512
210.518
183.202
163.218
154.154
181.169
162.166
200.59
172.721
178.19
199.47
186.345
185.378
193.434
181.184
199.313
208.802
198.948
201.818
179.898
176.413
201.351
198.673
192.759
178.14
186.921
168.499
190.56
195.24
199.354
188.448
192.685
201.94
190.263
185.54
172.666
204.019
169.68
186.601
187.479
172.273
187.158
181.42
179.703
184.781
158.17
184.065
194.241
185.595
177.171
174.284
162.528
182.013
178.915
172.377
193.999
167.048
187.769
198.734
172.317
202.313
178.229
167.112
179.013
189.869
167.892
185.98
171.043
187.585
176.454
196.375
205.751
184.629
159.405
157.048
154.936
205.045
189.627
186.669
166.36
176.902
198.953
196.028
175.462
186.959
175.681
187.075
177.365
178.024
191.36
171.899
185.526
181.595
173.763
195.526
202.884
236.739
188.637
190.026
150.321
199.441
174.971
185.16
176.513
162.754
178.015
173.779
163.755
180.188
198.805
202.625
167.305
182.91
184.087
169.52
170.239
170.427
188.928
176.876
167.727
163.358
166.173
175.859
187.981
179.13
181.221
186.842
183.483
188.601
186.604
188.378
188.747
183.397
192.406
172.399
177.35
189.73
205.52
178.72
204.505
185.224
181.028
175.242
174.092
176.048
174.852
173.853
172.53
179.075
173.46
168.54
169.149
158.073
161.7
191.734
192.977
186.872
189.87
190.57
176.498
181.986
164.624
175.258
168.175
194.743
168.66
171.05
171.103
188.616
185.752
170.931
169.873
195.655
189.258
158.962
152.001
194.296
182.581
193.95
170.381
162.994
184.099
168.733
174.855
177.956
197.038
159.151
170.557
174.653
173.264
178.982
177.208
180.702
181.3
183.599
202.463
185.877
191.702
186.175
190.316
194.463
190.668
203.745
166.057
168.929
157.433
163.414
183.815
189.821
171.188
173.384
206.482
197.794
165.231
184.702
167.787
187.861
174.77
184.242
194.184
176.725
166.089
165.584
142.239
159.289
178.5
154.679
188.944
177.655
199.649
188.785
176.627
181.892
178.228
185.746
171.419
204.937
183.086
170.354
205.53
150.989
202.104
171.3
170.143
189.749
173.967
186.002
204.485
162.074
189.836
180.449
191.037
199.622
176.22
163.923
185.463
158.788
192.228
173.097
184.245
201.157
182.747
208.739
172.287
201.253
186.542
161.242
177.224
153.372
183.505
193.001
184.967
184.225
185.582
175.931
175.295
173.393
181.59
187.953
192.304
185.592
170.816
175.629
179.573
171.581
188.416
185.741
175.325
189.723
181.264
175.891
182.067
192.448
155.291
193.03
209.189
162.233
155.587
184.791
182.6
195.617
177.687
186.48
152.558
190.559
192.59
175.664
160.664
181.821
185.34
184.695
181.181
179.608
195.458
172.074
198.523
185.106
178.967
183.159
191.375
173.913
177.46
169.015
180.6
185.816
188.031
200.418
192.728
189.201
196.385
174.29
178.84
181.324
193.625
192.897
168.469
172.693
190.192
199.062
200.602
153.081
184.934
181.352
204.46
190.071
175.764
185.407
189.278
151.111
193.841
194.214
161.068
193.61
177.803
163.766
178.748
199.189
192.947
183.621
186.334
190.811
172.281
196.07
183.6
181.679
196.862
173.608
174.477
201.348
192.704
187.001
193.293
164.728
197.258
201.482
196.287
173.258
185.067
169.039
188.626
186.518
182.03
184.073
195.542
184.412
176.861
189.802
178.441
177.713
184.672
173.361
184.957
189.531
209.585
169.115
202.763
194.923
165.665
178.784
190.92
188.26
202.477
162.716
170.064
193.317
205.851
184.062
186.917
189.768
173.656
184.889
168.646
172.193
179.752
169.226
178.093
169.604
220.009
173.216
184.229
175.777
149.602
184.29
177.016
189.647
196.931
185.756
208.41
214.709
184.587
177.499
160.932
174.943
166.153
174.565
172.099
162.68
169.647
184.295
195.322
177.252
176.453
186.726
178.56
189.86
182.847
172.283
176.143
161.658
186.863
167.528
167.719
182.588
207.247
200.528
195.655
160.297
172.149
166.659
168.706
172.811
185.387
166.023
178.75
155.305
187.513
174.058
179.731
181.145
193.938
185.062
175.272
149.468
188.267
160.537
120.892
191.433
166.594
192.191
197.104
171.14
207.343
192.11
192.555
201.105
179.333
197.125
162.717
180.122
170.195
174.591
180.727
160.925
188.089
154.4
189.145
191.303
156.284
164.97
199.776
196.682
189.367
200.574
176.068
184.52
162.109
171.789
178.628
182.241
188.557
200.149
194.008
174.799
176.45
184.093
152.281
200.305
195.814
195.87
175.876
179.397
169.613
181.118
183.27
201.114
168.499
176.508
169.532
178.752
184.447
169.766
160.748
168.409
159.194
208.511
146.575
172.606
192.469
186.437
149.55
215.758
187.529
189.451
167.603
187.122
190.208
171.292
202.681
193.718
181.882
191.989
208.535
184.433
208.154
195.175
194.05
163.859
182.375
156.677
187.346
172.478
189.532
155.265
161.146
186.762
184.157
169.109
178.538
180.31
170.218
172.362
168.015
191.164
171.052
193.157
176.16
182.892
186.231
148.238
172.7
179.295
176.946
179.819
180.946
193.843
198.217
203.751
154.676
197.149
199.745
168.115
180.341
169.033
192.247
169.798
135.215
170.902
170.181
167.402
187.151
177.431
184.882
177.216
204.731
174.91
171.033
183.705
183.76
166.993
154.574
201.678
174.206
204.831
183.931
189.497
175.945
158.368
187.399
167.16
190.192
189.055
181.621
176.801
157.277
195.438
179.761
175.046
201.293
188.534
174.976
165.331
179.54
184.088
202.35
160.33
205.033
178.557
164.455
169.786
191.549
186.185
168.598
185.588
187.534
192.261
170.547
184.034
167.02
171.782
195.86
167.312
185.017
211.884
171.218
169.486
184.122
183.952
171.231
179.183
170.055
149.801
160.424
179.212
163.565
146.518
198.397
181.982
174.917
180.47
182.348
175.672
174.614
177.72
172.321
164.39
189.464
159.542
183.708
197.225
178.588
171.495
177.418
186.776
209.361
182.605
182.118
181.434
189.759
190.472
157.757
193.508
181.496
189.954
201.511
187.115
177.442
174.368
191.621
192.086
159.582
179.898
155.468
156.78
192.267
176.075
186.801
189.139
177.653
174.646
179.291
187.066
197.784
163.964
173.862
169.371
194.387
176.788
196.09
181.242
182.94
182.821
185.953
179.741
150.056
178.174
196.672
188.875
150.751
196.505
190.037
186.563
187.136
181.829
193.659
170.451
186.171
192.812
197.724
185.198
186.378
164.44
179.29
178.3
176.368
173.209
210.307
173.289
197.249
166.87
191.748
172.803
185.069
194.559
198.756
174.142
177.215
178.151
164.361
182.372
209.756
173.103
193.78
210.455
153.172
171.224
210.996
187.013
184.794
176.424
181.485
183.581
178.939
188.398
169.58
186.949
194.085
191.137
184.21
176.965
180.795
181.976
174.861
196.674
160.362
186.392
198.224
182.82
188.9
189.891
190.839
206.424
177.804
183.313
172.697
165.142
174.128
181.178
190.86
184.674
193.76
167.677
176.655
183.863
166.957
190.668
178.58
189.631
190.111
170.696
182.544
178.027
181.532
178.943
181.196
209.148
215.852
184.284
204.464
177.355
171.119
198.277
200.7
174.607
162.215
163.915
178.427
175.251
151.548
198.799
191.339
194.449
156.466
208.657
187.15
174.129
184.256
187.765
206.83
167.644
179.724
193.492
173.709
176.279
202.543
163.521
169.893
203.124
175.032
161.983
210.253
185.549
186.596
196.661
190.448
164.483
152.029
167.702
147.671
195.619
190.768
208.53
157.581
162.877
196.255
173.29
176.538
194.194
166.04
178.729
184.43
203.003
181.215
193.923
191.116
192.544
163.425
198.663
169.019
181.934
169.12
181.798
173.315
175.333
187.495
180.89
170.69
178.778
182.952
178.399
167.445
180.28
151.459
190.885
167.957
175.517
182.165
174.484
180.716
154.418
190.269
207.647
182.982
175.406
172.527
158.191
181.378
181.181
175.445
184.778
189.82
191.03
179.626
166.972
179.314
166.401
181.805
184.409
184.898
174.128
173.436
166.165
175.611
182.454
180.974
167.175
189.153
163.069
183.04
175.362
172.536
186.054
175.374
192.682
192.976
164.248
182.893
186.264
184.242
170.121
200.798
183.027
181.306
188.212
184.814
200.882
170.002
189.066
189.884
185.501
165.993
191.385
184.392
164.256
188.524
194.16
182.83
178.729
197.904
166.779
175.603
170.094
208.74
208.084
178.565
185.39
190.969
188.56
183.257
168.738
183.467
174.852
193.286
167.445
184.693
162.035
189.021
182.62
199.175
173.025
196.605
165.956
180.549
203.889
183.412
192.708
201.445
180.433
158.323
170.408
200.41
190.324
195.03
183.669
195.181
200.75
191.873
177.739
193.29
191.014
178.862
156.273
171.572
183.0
170.963
180.712
201.351
196.177
183.1
185.114
187.33
170.361
197.201
190.617
206.246
186.897
172.525
192.482
180.307
175.06
184.261
202.754
157.477
195.336
168.999
187.347
160.437
174.808
188.247
171.052
196.568
185.334
176.823
178.554
174.663
181.615
170.67
186.4
175.452
172.678
216.613
167.259
212.003
181.681
177.823
163.826
124.493
184.553
193.878
153.904
171.693
163.993
196.359
171.447
186.333
194.984
169.69
188.099
188.307
181.643
201.376
190.446
162.422
186.147
180.124
186.205
170.293
168.117
196.085
172.737
175.677
176.64
208.322
183.107
176.843
175.031
179.689
201.622
203.328
196.843
192.764
189.189
172.503
181.896
162.369
168.633
182.56
174.253
181.355
171.189
185.551
197.477
165.21
160.097
213.291
171.575
190.649
176.173
183.3
178.977
187.258
186.578
167.388
190.039
161.684
179.088
189.34
201.979
162.853
184.612
183.211
207.829
174.137
159.201
170.404
205.844
187.774
194.522
187.669
179.424
164.717
175.716
173.407
190.175
174.849
161.373
203.832
172.429
168.977
149.181
196.946
170.384
189.736
186.273
163.319
201.009
196.275
156.972
186.136
206.918
204.368
196.532
167.696
173.349
197.785
180.379
186.441
169.988
179.772
172.229
184.0
149.56
195.103
193.447
161.925
193.671
165.847
149.893
180.616
187.418
187.8
187.776
190.153
189.129
171.414
173.421
179.847
207.62
176.883
188.482
177.378
186.787
200.871
191.878
171.734
169.802
162.027
197.839
178.469
187.392
211.067
184.207
168.323
170.754
190.655
163.498
195.763
180.821
170.599
167.435
170.349
179.576
217.237
184.764
197.263
181.714
179.407
184.672
168.582
205.431
184.526
165.765
189.647
204.923
180.171
167.808
166.54
181.388
175.067
192.773
179.226
185.574
159.962
186.162
198.219
191.019
183.905
179.166
176.708
183.823
159.028
168.827
167.576
167.719
194.982
169.344
196.663
171.416
162.533
171.778
160.358
189.442
173.113
159.386
175.897
131.319
203.543
174.175
179.336
193.249
180.749
182.7
198.169
170.269
157.69
163.197
200.193
174.694
186.062
170.194
191.202
197.51
156.473
207.608
160.942
193.357
181.974
160.402
168.54
215.566
175.557
170.873
211.141
190.847
159.444
186.773
176.475
212.561
172.734
190.66
191.171
176.042
184.309
180.588
177.914
176.502
202.995
165.199
199.688
186.958
179.281
176.412
162.097
196.096
197.67
199.064
193.96
170.085
167.824
191.782
162.279
175.095
175.76
180.506
195.355
168.434
180.791
193.669
174.096
207.13
168.377
199.562
170.585
183.776
194.231
198.706
191.02
190.934
211.406
186.536
186.14
188.767
185.865
186.712
171.313
185.707
163.426
173.634
175.57
198.105
177.6
180.26
183.608
180.899
181.218
177.572
206.977
166.585
205.216
170.792
167.539
182.745
154.512
192.11
199.865
161.349
167.823
177.727
185.255
201.841
200.795
167.955
179.058
188.508
177.696
177.135
186.007
181.427
165.995
181.865
172.537
179.426
163.742
177.478
201.283
198.001
167.041
187.927
178.465
154.647
188.291
209.449
157.399
199.028
179.741
161.761
168.992
175.983
214.122
166.317
163.729
196.345
208.729
177.898
187.35
173.02
183.154
168.362
186.998
181.102
183.699
191.111
186.527
198.354
228.742
168.059
195.304
171.17
182.942
198.73
211.818
180.204
179.067
181.471
191.049
201.171
169.024
188.938
150.986
184.842
194.744
148.581
187.371
174.249
183.761
190.34
223.866
196.05
187.987
194.825
185.657
190.287
178.205
165.243
200.74
210.873
172.955
199.567
184.566
193.05
180.373
185.919
188.776
185.653
196.428
172.495
184.756
175.655
183.412
170.743
188.344
152.478
179.144
194.219
187.593
187.801
197.098
181.649
197.794
192.831
174.376
175.201
159.096
178.372
184.769
215.726
175.58
178.965
175.91
190.864
186.623
166.489
184.599
181.124
211.936
184.409
172.609
177.805
185.234
170.167
179.522
178.495
187.242
176.854
186.492
189.231
183.881
184.132
177.771
183.773
201.557
182.028
179.461
187.774
177.722
180.308
184.675
178.458
205.792
197.851
167.988
181.983
183.303
175.465
177.324
173.697
172.705
160.01
169.429
184.164
167.387
177.503
192.586
179.912
159.929
168.031
159.825
176.171
199.375
179.897
179.227
202.081
189.488
180.924
184.652
194.874
179.15
174.846
196.105
169.751
185.727
194.112
173.596
179.515
181.687
161.035
164.891
184.878
182.276
200.509
187.266
174.775
191.025
181.73
157.293
162.825
171.478
178.699
176.506
178.63
171.34
172.583
169.073
189.472
171.632
185.776
176.795
188.036
190.446
174.479
197.678
164.52
180.461
189.889
181.439
179.597
199.979
188.521
156.861
206.213
190.377
184.181
164.364
190.478
187.287
180.256
183.533
188.232
187.487
178.445
191.872
179.251
160.97
202.239
173.434
168.279
192.988
168.859
169.717
169.425
190.63
174.356
190.918
167.136
167.113
179.145
172.09
172.599
199.748
213.146
196.252
203.201
162.973
172.504
176.374
195.023
168.899
210.007
188.127
190.932
167.986
187.818
164.409
181.578
186.205
188.629
177.882
165.568
170.493
174.099
178.846
191.089
203.278
174.358
190.207
206.388
181.4
189.146
186.415
175.081
193.024
180.946
181.253
174.661
183.401
154.437
207.899
169.856
170.942
200.662
177.06
157.342
174.946
177.023
160.29
166.609
172.953
179.685
168.499
156.776
174.553
175.529
166.248
174.777
169.623
169.161
193.848
213.083
170.389
191.427
169.214
196.539
193.797
171.027
171.616
172.041
197.375
170.003
200.976
183.184
203.986
175.774
188.123
172.619
188.828
195.455
183.781
178.474
159.564
168.532
177.431
177.175
163.721
191.909
179.97
154.408
155.718
197.286
190.038
189.695
187.739
201.125
177.304
180.948
196.622
159.922
102.402
193.053
187.266
157.474
180.187
190.533
197.837
179.626
186.714
179.638
180.278
179.053
201.495
170.191
180.501
177.535
169.965
207.123
158.475
194.05
190.582
184.165
182.251
190.002
178.234
175.707
190.341
174.112
171.707
189.735
202.948
199.965
182.593
205.047
195.878
191.139
178.564
193.114
177.433
181.584
190.061
177.415
192.859
182.034
190.048
170.704
183.571
184.667
195.13
183.642
204.228
182.314
195.306
173.591
196.938
184.986
189.061
204.986
162.27
198.144
184.954
188.834
197.244
170.126
197.619
172.364
183.371
176.208
200.154
173.758
176.716
166.119
166.171
201.157
168.628
198.176
188.912
181.852
184.484
206.264
165.45
185.188
186.891
184.804
170.14
195.638
195.706
160.001
182.404
197.116
174.958
171.557
166.298
166.334
185.681
179.393
172.513
181.248
159.304
195.173
161.209
164.385
190.026
161.751
185.625
193.439
201.986
166.622
191.652
186.74
181.26
198.028
195.619
185.243
171.771
175.906
185.579
161.002
159.71
173.289
178.835
210.897
156.697
183.43
176.268
195.195
174.252
168.072
191.981
196.0
172.468
191.145
181.492
178.946
179.206
155.366
202.436
162.594
195.036
187.169
185.239
179.355
188.764
176.872
148.512
198.823
185.618
181.811
144.724
182.142
189.163
176.542
155.56
188.265
199.319
183.374
181.488
196.864
195.71
202.549
202.896
182.066
182.632
183.555
188.824
172.067
187.484
195.334
183.219
198.576
178.324
209.143
195.851
193.734
216.842
167.571
173.094
173.092
177.714
196.177
191.964
174.992
172.293
193.113
183.297
167.89
196.533
178.372
201.632
172.39
167.578
171.92
164.899
163.016
170.486
175.735
173.442
174.535
181.79
164.578
189.014
200.935
198.484
192.642
165.593
177.826
182.169
188.756
197.138
208.882
185.443
165.882
187.059
196.665
178.337
179.417
197.576
169.085
195.638
160.226
196.683
180.977
177.484
171.642
179.053
184.157
185.883
180.542
181.293
182.178
172.17
186.287
190.021
190.35
190.452
181.397
161.747
186.165
201.918
170.804
199.259
191.858
172.98
182.357
206.427
187.022
180.651
184.568
172.979
171.064
176.44
178.84
179.887
193.717
209.118
210.791
177.735
164.322
188.871
171.546
187.28
194.677
204.232
184.107
190.7
179.268
168.512
148.265
186.012
177.862
192.902
178.116
170.696
190.094
189.459
160.974
172.594
178.604
182.789
183.112
170.539
158.728
178.211
200.129
182.241
185.893
187.444
176.561
194.688
176.429
174.821
196.868
200.66
168.272
161.809
192.002
167.288
171.013
195.954
191.276
169.871
170.412
174.448
177.067
176.65
167.323
166.24
203.348
181.556
180.425
180.335
167.191
185.178
180.663
168.141
163.591
169.77
204.448
183.304
186.24
165.24
182.725
176.58
183.108
184.534
188.974
199.279
185.695
176.564
187.361
165.369
188.442
178.073
182.052
171.195
190.692
171.506
186.373
200.29
200.695
163.709
186.852
168.691
165.456
181.556
165.057
182.047
190.306
172.829
177.138
191.675
224.408
171.777
129.752
187.565
183.549
187.241
175.832
185.22
159.143
181.686
180.511
198.31
174.923
205.482
197.606
180.267
167.746
182.814
190.108
175.029
166.204
186.867
170.337
191.606
197.026
179.725
200.06
164.86
186.903
166.765
191.684
189.832
186.7
212.628
153.159
193.742
170.4
190.356
201.382
203.141
210.84
188.703
178.832
177.596
199.242
177.746
184.704
190.091
171.793
188.966
167.725
180.274
166.896
165.641
195.536
176.92
192.964
194.45
184.698
160.13
172.948
199.295
181.24
170.516
216.321
188.087
190.423
163.588
185.345
180.385
109.092
205.718
192.586
182.785
174.003
191.246
178.681
176.401
165.08
182.834
204.906
185.664
182.74
198.249
187.542
195.692
178.16
180.899
192.538
174.604
204.561
178.837
183.949
176.911
177.907
195.278
181.139
166.339
191.516
175.37
154.255
191.349
166.232
147.091
157.036
173.19
184.698
177.277
174.625
177.078
192.625
178.357
176.261
166.729
177.652
195.077
187.779
186.137
197.475
180.215
172.882
184.458
180.393
186.152
202.137
176.141
175.927
156.918
175.966
173.399
217.683
187.084
195.555
180.326
189.527
173.436
181.962
177.263
185.132
193.015
175.861
200.257
163.106
169.847
185.202
180.471
187.306
182.269
165.443
186.474
186.56
206.747
168.619
182.676
196.548
183.594
174.558
145.649
203.941
199.94
178.227
174.031
169.456
170.1
192.983
188.874
186.946
155.564
188.3
161.899
199.228
173.415
189.673
179.664
155.174
197.795
190.352
194.34
189.829
192.111
185.802
198.716
199.662
171.371
204.315
162.867
171.519
160.038
161.787
188.897
194.518
187.835
194.767
174.379
192.436
177.871
180.914
198.275
192.286
172.419
198.043
181.475
177.638
170.246
179.57
179.584
177.223
181.009
173.165
166.943
179.887
183.642
195.955
197.991
175.55
189.346
177.984
169.373
190.239
186.19
166.131
175.661
177.902
175.948
185.065
168.169
160.377
154.744
179.652
206.614
173.886
176.359
182.92
212.831
169.658
173.968
184.669
172.961
177.481
181.659
180.421
184.669
205.871
174.734
175.848
147.397
181.902
183.735
168.72
182.669
195.457
166.319
171.884
192.548
170.328
173.037
165.765
206.723
194.526
177.775
196.075
176.647
185.144
161.809
185.964
187.562
191.471
173.29
165.25
204.681
175.692
188.075
172.384
186.577
188.005
156.435
181.078
192.774
192.919
187.286
192.356
183.09
190.354
173.395
182.531
189.358
159.376
160.478
177.298
181.718
183.602
187.736
198.556
174.791
215.252
194.631
187.751
179.393
188.129
215.556
197.236
163.212
173.233
158.665
150.628
180.584
175.853
194.222
174.159
181.183
199.389
173.343
191.044
189.703
184.9
193.726
182.317
168.77
172.857
177.046
183.212
165.758
177.501
162.695
187.139
186.404
192.866
198.454
185.579
191.13
190.14
209.862
211.609
202.179
182.637
177.742
212.462
197.254
195.021
195.214
204.695
187.956
209.968
195.739
195.137
190.897
159.895
171.81
168.876
171.549
192.225
166.646
164.801
165.279
173.218
202.732
161.961
173.899
184.731
211.92
199.051
184.564
171.745
180.716
187.358
190.324
185.261
163.841
181.645
188.583
185.835
159.024
173.095
185.357
168.365
187.6
179.479
188.169
189.977
181.115
194.467
180.383
170.93
192.048
191.457
195.762
175.634
196.259
187.336
187.95
160.95
162.967
186.785
187.156
169.011
185.453
198.314
202.195
182.939
180.945
170.61
202.583
171.568
167.214
181.562
195.121
162.087
182.452
201.52
205.268
198.115
198.259
175.952
188.801
156.887
178.246
179.308
192.939
185.555
187.455
164.329
195.936
198.705
185.148
176.908
196.606
180.312
188.659
194.778
159.241
207.554
172.889
209.562
168.681
197.704
191.844
182.305
181.649
188.022
178.333
163.382
179.565
179.411
197.444
193.443
202.149
175.806
182.909
184.072
188.262
175.273
180.99
179.237
185.88
186.713
206.508
175.092
189.28
192.691
183.111
171.728
173.421
148.91
178.029
176.894
184.84
203.841
189.08
168.65
191.512
180.488
203.48
183.13
186.45
165.37
151.24
165.297
198.356
180.932
188.378
182.154
196.062
195.038
201.319
205.603
181.479
159.004
177.221
182.361
176.152
189.814
197.494
180.813
178.296
187.855
137.814
177.927
175.878
192.448
179.185
191.445
171.497
149.134
181.01
184.923
182.922
192.645
179.994
184.275
199.97
176.857
162.091
183.614
177.349
159.994
175.814
172.859
178.312
165.459
187.83
196.141
186.381
189.24
164.929
201.966
199.543
201.26
190.485
171.612
166.418
192.736
197.174
165.559
192.675
180.016
200.455
169.054
196.482
183.273
187.934
181.542
183.41
192.169
165.629
189.991
159.987
196.629
154.984
186.259
185.606
178.361
163.466
177.77
170.558
172.127
182.677
186.811
175.587
169.796
173.347
191.716
176.156
194.129
191.669
181.524
177.352
186.64
187.227
192.115
190.441
201.687
157.316
185.587
183.88
176.188
182.104
188.394
185.792
181.358
190.503
166.818
185.265
185.408
199.37
199.372
200.907
195.197
180.151
188.378
183.33
172.253
158.944
188.143
184.87
167.393
183.388
191.656
191.77
188.329
178.454
188.554
174.339
170.818
198.688
186.472
156.348
183.111
178.226
167.257
198.665
175.753
187.335
191.194
184.508
176.83
200.782
184.054
190.187
188.113
188.646
162.772
186.872
193.849
182.247
184.545
191.908
200.95
185.573
176.962
160.612
165.988
187.029
163.352
196.18
182.303
172.202
172.178
172.336
167.946
180.91
178.757
181.558
181.337
168.91
194.653
191.815
205.407
210.37
196.87
166.963
177.416
189.729
203.174
180.142
178.677
218.344
183.61
172.063
176.769
185.779
186.573
150.284
167.749
158.496
192.888
160.947
183.505
189.023
162.496
175.853
168.756
187.237
177.785
195.699
197.422
200.623
194.711
185.064
196.129
197.68
175.168
175.004
171.66
168.819
181.83
174.905
180.942
194.1
174.339
191.825
172.679
179.82
201.416
192.731
183.707
167.919
178.304
184.812
177.308
189.931
175.826
133.626
168.766
179.406
177.56
192.398
182.634
176.365
204.585
171.699
173.22
166.351
183.287
209.708
175.596
188.182
177.495
182.36
197.408
182.207
180.187
196.678
199.645
171.191
194.097
207.132
173.584
196.742
196.357
169.725
182.095
181.879
164.4
178.464
192.117
207.372
176.962
182.259
171.88
156.758
174.08
187.919
187.258
190.578
190.688
168.946
183.004
220.282
175.637
189.604
161.822
169.27
162.71
177.845
168.702
175.444
194.352
181.674
194.791
184.797
197.019
179.109
178.851
179.799
177.29
161.318
184.545
184.608
194.621
192.462
173.192
184.05
194.029
200.94
198.529
194.041
184.708
188.0
190.987
180.617
180.746
168.803
161.986
163.229
195.998
156.639
199.276
164.473
161.764
174.494
151.958
180.481
176.183
202.906
156.416
184.487
184.253
188.33
192.519
182.028
163.411
185.692
163.516
177.847
169.791
190.477
177.701
179.167
187.479
172.933
158.047
188.401
204.052
167.835
202.054
148.678
196.729
197.742
195.219
184.4
175.429
185.371
188.835
186.811
175.105
172.339
178.725
186.808
164.11
185.016
181.981
169.197
197.032
173.492
171.208
182.953
174.641
200.789
169.217
187.12
192.197
173.463
180.759
186.667
161.554
213.623
174.593
171.35
214.611
176.79
187.939
152.381
189.937
176.012
178.252
157.965
198.109
174.664
160.223
164.81
182.407
202.281
166.587
182.062
204.287
191.665
206.537
190.152
190.898
163.316
195.171
205.824
181.96
197.67
189.0
191.578
164.846
181.135
203.36
176.498
178.305
187.29
172.72
174.359
184.722
197.923
173.43
186.569
186.643
184.525
187.81
199.376
193.713
163.756
183.529
187.634
179.898
178.647
176.776
197.858
182.571
158.021
190.643
197.553
171.526
192.859
172.299
184.985
186.753
171.261
195.528
155.273
190.565
188.805
169.101
201.366
181.01
175.854
175.573
194.234
183.348
187.189
188.715
172.0
183.601
190.977
195.737
184.433
173.071
194.382
186.242
211.111
176.371
182.278
191.796
177.599
171.111
177.165
196.18
183.292
158.104
196.331
179.152
186.128
194.842
191.22
171.582
191.883
205.052
188.227
188.971
172.321
190.28
173.471
187.814
180.342
192.625
188.892
181.087
179.615
180.392
180.725
175.718
172.292
187.693
187.217
166.579
185.873
184.82
188.857
180.986
173.232
185.205
160.682
182.331
194.901
185.942
175.156
181.216
188.011
222.365
190.04
213.508
206.145
164.237
181.709
186.496
181.453
160.453
184.638
192.602
185.678
166.03
174.268
188.67
180.756
177.947
181.462
182.478
171.823
190.08
196.572
180.894
191.709
162.317
192.75
189.984
186.799
192.714
172.764
176.401
186.342
205.597
175.556
212.138
200.682
180.846
159.809
181.919
190.109
193.382
144.238
202.955
171.209
168.555
164.27
185.708
187.947
180.445
163.36
189.447
208.137
189.129
203.48
179.953
190.398
182.279
190.93
180.253
170.981
174.971
180.867
184.178
183.359
167.993
192.915
190.575
193.117
176.771
191.757
199.627
184.136
176.511
181.878
182.683
182.791
166.506
177.048
188.741
154.078
172.958
189.92
189.753
172.89
193.979
187.957
182.74
191.699
197.305
178.059
175.061
166.792
190.181
171.497
182.953
185.77
185.795
160.094
200.586
192.227
189.523
170.113
177.517
168.876
170.236
191.605
178.536
157.765
184.956
182.367
178.114
179.253
194.551
161.381
185.852
173.764
176.138
181.074
188.911
159.831
181.669
183.384
181.79
177.743
160.237
164.072
169.954
192.529
168.152
185.683
190.476
194.768
203.978
169.049
172.224
197.451
181.509
177.021
182.146
191.404
160.691
193.592
198.521
193.817
173.467
176.758
193.378
181.752
189.265
177.255
173.856
175.314
149.187
167.074
167.787
214.306
174.279
207.397
194.91
196.061
180.146
172.608
177.015
181.915
192.997
191.319
201.01
166.801
165.91
176.475
192.234
183.707
173.278
167.776
189.533
175.256
237.377
200.959
179.614
181.604
190.024
154.222
173.41
184.235
172.336
159.654
202.342
173.604
169.934
178.844
186.963
209.179
177.659
167.826
217.43
183.634
184.92
171.643
163.409
171.019
187.167
174.163
171.91
177.779
198.052
193.693
173.854
179.483
190.917
214.455
194.114
185.365
189.081
172.968
173.929
175.491
176.276
183.055
189.965
184.274
159.569
188.334
198.051
164.124
178.063
175.97
190.534
174.916
188.491
160.593
161.324
188.584
182.351
203.301
179.875
197.731
179.731
205.409
191.898
201.522
182.05
210.318
175.773
186.376
164.313
204.424
180.949
174.005
205.876
168.299
203.199
184.941
175.555
181.484
163.419
207.724
182.11
181.494
170.935
189.811
194.714
173.378
168.856
200.563
197.153
178.394
180.987
188.312
174.199
177.689
182.01
193.595
198.177
205.918
204.389
187.746
193.891
166.415
196.104
169.93
189.043
187.585
167.796
171.22
205.413
186.619
215.01
183.373
178.802
157.16
194.89
181.088
175.551
178.214
163.081
180.89
204.507
173.887
180.104
171.915
181.635
176.9
161.744
164.005
203.221
187.876
161.535
188.826
199.043
193.127
181.019
161.645
180.865
172.779
199.269
163.635
175.847
190.028
204.891
175.62
187.085
167.976
198.099
167.999
193.958
180.936
176.387
174.609
180.668
202.969
188.675
189.896
162.78
187.925
168.422
202.489
175.621
209.687
165.624
177.102
185.653
170.325
171.65
200.114
174.835
197.176
171.634
164.364
206.598
197.091
161.082
171.3
178.463
194.471
194.25
188.884
182.524
166.46
167.621
190.838
175.765
167.414
170.062
182.87
174.922
193.168
191.739
179.248
170.869
199.109
197.835
168.161
175.181
197.715
174.357
169.65
175.28
156.628
180.674
175.908
202.332
187.375
196.646
210.856
153.327
171.142
187.23
183.5
177.976
168.804
192.858
170.886
204.772
200.823
197.883
183.529
173.667
208.66
176.931
192.241
195.086
186.081
162.202
169.732
176.375
175.24
197.655
185.884
179.447
188.402
174.694
168.639
191.395
197.779
183.225
191.236
182.88
160.033
182.698
171.775
207.039
168.381
197.284
182.135
185.902
193.045
159.417
167.859
180.669
191.302
198.003
213.768
208.311
194.734
192.192
195.739
162.429
197.877
196.292
177.286
176.876
156.016
180.008
203.454
186.2
197.683
198.21
195.596
187.973
195.422
177.414
191.052
208.043
172.029
154.047
169.994
177.691
179.417
207.196
205.862
167.541
131.04
180.983
177.287
182.672
184.622
181.933
217.213
185.578
190.322
173.955
186.278
199.436
175.409
183.655
166.986
186.507
162.292
175.559
169.812
177.726
205.568
212.353
169.599
180.608
193.286
169.852
119.519
158.674
172.152
162.673
174.97
185.0
185.496
200.73
156.002
188.45
188.49
176.455
181.592
168.474
174.093
189.033
182.944
193.532
160.732
169.178
194.306
184.285
184.822
174.658
194.982
201.634
159.842
181.82
172.085
171.544
174.003
199.964
187.512
177.602
175.393
173.389
167.722
181.295
175.832
180.168
173.943
170.375
163.586
208.848
174.709
201.032
185.162
190.917
174.426
185.083
194.712
204.237
175.32
194.813
167.708
180.359
181.802
185.53
188.571
193.132
184.329
178.329
197.988
186.998
173.265
191.343
171.97
175.009
173.164
191.532
154.638
196.71
189.375
223.713
179.643
213.227
169.487
185.769
129.42
192.528
196.493
170.861
174.536
185.709
188.471
180.86
173.954
170.795
182.067
165.707
184.158
183.898
181.302
182.715
191.803
151.189
193.785
164.409
177.581
180.785
176.188
198.035
188.914
178.694
193.483
166.57
185.557
195.162
149.356
187.936
175.041
177.845
148.472
191.745
196.105
180.782
160.504
173.6
198.724
180.251
155.28
188.302
177.748
170.214
162.218
177.004
200.082
205.161
158.995
178.412
185.615
184.721
175.937
221.288
190.389
186.272
153.92
168.713
147.511
187.52
162.838
188.43
167.372
194.023
180.92
209.939
199.805
156.517
187.531
166.132
176.84
177.903
157.081
203.459
172.714
160.922
185.222
169.522
181.345
187.49
184.082
187.141
171.08
191.183
186.304
188.549
162.747
185.189
178.218
195.924
215.743
178.391
198.56
183.873
186.792
172.568
202.744
183.814
169.63
184.365
179.581
182.68
179.743
171.254
189.807
174.274
188.5
171.912
194.728
183.49
203.938
180.491
179.826
159.2
187.147
155.982
159.781
185.852
159.401
187.652
165.492
181.212
163.995
193.891
170.74
159.719
194.6
182.032
189.097
182.779
179.561
189.342
184.084
189.861
169.15
187.253
177.252
187.014
187.379
179.513
198.734
197.946
196.774
180.258
159.739
189.007
188.271
185.921
185.294
182.442
181.259
183.768
183.523
198.152
186.803
177.002
188.426
184.954
189.809
184.908
182.065
159.873
189.823
165.2
172.02
154.724
177.424
188.292
188.725
174.181
178.704
190.301
189.284
212.455
183.219
175.17
190.933
177.042
166.876
194.895
176.525
180.232
186.821
141.607
175.675
195.219
188.138
210.554
181.929
169.357
177.197
183.87
174.67
177.047
187.796
179.878
178.392
196.672
188.087
163.763
198.509
193.155
195.554
171.397
171.961
166.016
194.53
198.175
164.423
198.937
183.134
175.578
180.046
190.385
186.335
170.057
198.825
183.502
179.582
183.543
179.94
177.826
191.125
174.746
156.458
176.846
187.773
171.12
197.606
173.586
188.81
195.991
150.876
175.105
161.192
207.944
197.258
206.536
177.862
171.25
188.473
201.846
166.266
191.753
189.824
183.403
183.135
197.842
193.089
172.134
167.639
196.203
182.531
176.589
159.611
195.28
170.844
179.874
187.006
185.55
175.553
183.062
182.059
196.764
162.753
169.664
170.159
211.794
163.526
182.525
186.861
197.511
203.275
182.219
179.665
173.714
168.681
192.417
186.278
202.386
175.323
166.762
165.954
182.562
203.532
197.211
195.023
201.6
185.572
195.267
185.334
194.701
184.638
186.812
183.248
177.489
172.568
187.37
191.651
166.369
172.087
165.333
188.765
174.866
185.842
179.707
174.626
192.396
207.102
184.146
185.383
170.948
218.965
171.98
182.318
192.648
202.45
175.898
169.787
207.264
191.484
195.974
170.928
170.663
176.361
194.987
167.306
190.229
179.404
182.221
175.526
184.985
166.605
161.527
166.08
196.352
166.886
171.64
186.465
181.553
174.916
192.759
181.885
186.125
170.663
163.508
160.282
191.484
173.202
178.004
170.134
165.311
181.684
171.364
155.637
215.383
184.883
185.628
170.21
171.132
178.432
186.185
196.163
178.448
183.385
186.508
162.826
191.297
176.264
194.239
170.508
165.107
186.619
186.447
161.672
204.461
191.076
187.333
180.93
200.06
175.345
185.106
228.555
168.666
173.884
188.946
170.711
180.681
186.033
161.886
199.07
172.882
188.032
186.718
173.041
181.643
191.308
175.784
190.749
170.248
177.479
179.252
197.18
188.743
189.654
158.811
175.836
181.648
163.254
170.031
190.6
176.355
167.377
179.022
164.349
179.379
182.575
173.987
194.18
177.217
180.398
191.623
189.884
171.821
183.404
179.009
192.4
187.29
178.127
186.719
179.584
181.271
206.093
194.182
184.472
176.709
175.919
184.059
189.942
167.652
179.192
186.5
195.477
182.263
193.613
175.887
151.868
160.289
190.186
172.983
192.718
169.528
194.131
199.164
179.007
180.52
182.011
190.04
211.069
171.642
185.918
173.047
202.49
183.328
175.527
152.582
183.383
152.975
185.89
192.046
172.054
184.08
167.46
177.552
173.408
167.292
160.125
164.064
182.504
179.536
195.882
211.407
189.333
176.375
205.121
197.71
183.974
176.317
192.76
218.681
185.002
184.68
167.275
141.405
196.345
172.257
192.222
175.647
157.968
166.633
174.364
166.166
177.634
181.254
170.952
178.067
202.132
176.388
166.016
197.662
174.189
160.063
159.306
167.623
177.84
188.906
156.535
177.41
190.413
176.977
169.359
185.156
185.193
201.104
191.427
142.671
172.0
204.925
186.248
174.543
184.015
174.359
158.687
201.084
174.82
197.578
187.401
194.903
174.787
182.047
205.812
186.493
179.678
206.519
191.603
170.111
188.961
163.834
212.199
172.887
195.904
220.453
180.401
176.96
180.975
170.469
215.969
202.442
206.723
191.518
174.918
167.359
171.368
184.422
193.071
197.495
193.121
188.967
157.694
165.335
176.68
182.135
174.208
167.499
183.91
174.991
162.312
180.71
199.798
203.592
172.821
192.087
193.121
184.945
177.398
180.734
179.325
184.259
168.556
181.111
169.201
186.923
181.479
202.247
173.255
180.883
179.839
164.359
208.605
164.203
207.609
191.465
184.982
186.832
161.826
207.91
188.969
195.616
180.599
181.108
179.576
155.988
180.7
196.263
197.322
178.159
192.297
179.988
187.907
196.696
188.063
170.703
168.903
191.112
185.575
185.635
174.157
210.181
188.508
177.306
172.96
183.621
190.955
186.464
175.202
184.884
172.551
190.413
191.178
174.533
146.596
177.789
174.356
225.203
187.299
195.442
168.962
177.457
155.613
192.108
214.192
167.36
159.624
184.864
155.461
201.284
198.876
185.424
168.392
174.631
196.489
191.205
186.312
182.9
190.002
183.665
189.131
192.413
173.185
192.13
185.948
178.572
174.182
181.204
191.806
188.68
192.986
171.563
164.584
196.751
186.567
177.188
156.035
175.98
201.249
182.388
199.969
170.697
178.755
172.421
160.341
200.404
186.625
171.858
162.625
183.606
181.466
165.805
166.142
182.643
187.959
193.447
192.063
169.339
197.616
183.948
200.199
168.377
179.354
184.703
174.935
175.342
168.084
204.292
160.205
193.332
208.843
167.483
190.922
195.037
184.828
178.494
190.579
168.621
183.162
186.921
184.987
182.968
181.002
180.698
179.555
215.896
187.126
178.095
177.681
192.592
195.06
187.432
200.887
175.439
193.843
185.489
169.59
179.686
201.159
185.017
183.026
188.705
163.639
193.225
146.516
205.983
174.62
189.858
186.411
192.425
174.295
177.745
205.973
172.546
179.247
213.073
180.041
173.646
176.239
180.656
182.905
191.746
214.41
164.283
143.96
167.007
164.869
166.602
177.419
208.345
216.318
154.342
173.874
173.983
179.927
184.861
199.974
198.152
212.763
186.285
166.531
187.187
179.951
130.777
189.589
178.136
195.741
171.093
187.324
180.668
191.173
174.123
194.013
175.851
186.522
203.477
179.517
198.072
169.675
189.46
172.666
202.177
172.165
166.327
184.382
166.6
177.069
164.115
183.075
200.465
180.859
196.867
192.307
187.843
200.701
174.666
198.45
184.805
161.777
187.249
179.889
188.884
164.731
180.785
177.335
173.047
176.318
178.152
206.124
192.989
167.446
165.244
182.76
171.897
175.3
191.288
199.218
184.188
173.79
195.995
180.697
189.084
184.052
162.124
180.583
176.746
189.935
164.323
165.85
193.327
186.054
204.141
195.851
175.158
175.111
170.691
200.732
185.158
172.6
166.873
45.0901
183.99
171.874
170.462
193.069
199.657
179.278
181.038
171.007
167.424
168.067
169.53
162.815
175.115
141.397
198.594
185.438
201.316
167.607
189.896
186.748
194.777
188.253
194.427
168.319
199.773
172.369
183.243
187.526
157.459
203.21
159.471
192.707
175.818
178.439
195.175
162.968
182.44
173.604
179.292
187.796
161.548
170.015
168.975
199.637
170.676
193.24
187.318
178.266
184.599
192.859
197.999
167.486
210.769
210.253
185.929
171.605
187.034
167.267
194.179
185.582
211.305
198.502
176.918
181.33
193.31
160.606
203.002
177.998
178.019
184.53
177.961
167.646
175.014
150.218
199.609
203.353
175.591
188.443
181.179
197.596
171.354
183.21
167.652
174.557
189.244
196.326
190.065
190.041
189.041
188.639
186.257
146.629
163.828
194.637
181.634
211.674
164.615
187.204
164.446
176.236
183.273
177.0
163.758
171.232
202.593
186.912
178.174
179.595
201.585
200.033
175.201
184.747
174.626
179.92
186.247
187.162
205.883
191.705
189.544
183.732
176.979
192.892
178.85
195.734
186.853
171.632
161.014
161.279
185.782
198.405
193.918
180.123
198.001
194.623
171.862
215.669
194.989
152.848
176.199
208.687
211.117
178.955
162.032
184.134
176.3
172.738
172.298
183.485
178.874
171.066
169.527
181.232
175.347
187.363
188.777
181.214
182.682
187.329
184.193
201.471
169.257
190.561
200.267
181.661
148.704
190.287
176.226
173.654
178.438
181.584
184.539
188.584
202.84
181.5
183.15
148.017
172.719
171.205
138.524
177.968
172.831
180.206
168.029
194.087
174.617
180.941
177.684
182.385
198.693
182.568
206.494
181.375
189.255
192.836
185.25
194.099
170.876
187.316
182.139
163.571
179.48
176.89
192.656
166.938
175.615
171.096
185.451
195.647
179.111
219.05
150.077
216.74
190.896
183.039
179.858
170.318
151.97
190.337
196.898
186.724
196.022
196.337
187.535
185.342
163.684
194.113
175.066
198.09
186.958
175.352
155.421
195.218
180.617
170.56
186.249
181.26
201.404
180.568
174.3
153.938
190.497
163.59
184.084
182.462
176.11
211.811
190.092
187.38
198.584
157.682
186.785
181.701
160.057
160.725
201.1
197.398
148.695
163.997
217.068
185.537
180.013
181.971
182.955
168.055
197.264
187.145
220.945
159.513
172.235
186.31
183.571
193.362
188.857
189.49
192.73
184.618
159.842
198.379
185.64
189.645
183.546
162.966
171.88
191.259
154.463
180.007
188.084
180.76
182.077
189.226
175.792
204.332
133.082
179.511
201.876
157.791
173.338
191.127
165.97
159.54
216.385
199.632
185.036
172.741
185.497
175.941
184.442
194.148
181.432
171.782
168.086
172.153
161.794
171.154
199.139
180.869
181.828
178.503
180.153
148.295
204.048
184.816
152.637
168.227
177.839
197.202
207.608
186.446
178.839
191.212
192.015
184.818
191.706
206.985
183.465
177.522
192.903
183.261
195.999
168.119
201.382
185.787
193.276
183.271
195.493
192.888
168.198
168.189
193.49
178.507
177.503
180.094
179.92
186.834
204.829
181.325
184.182
195.551
196.828
157.096
167.753
164.448
184.109
169.327
143.654
190.981
161.974
197.352
193.708
189.651
160.259
174.116
166.362
191.616
187.908
173.636
190.46
180.812
189.586
168.071
195.254
178.789
189.815
203.482
208.957
175.177
200.192
176.843
187.518
174.053
174.016
180.31
176.554
184.629
167.093
190.852
180.001
203.68
189.034
208.736
181.631
186.288
197.378
168.297
185.215
182.197
189.331
172.121
185.938
167.068
188.492
193.108
160.923
175.659
173.962
170.037
170.283
209.006
182.148
176.646
202.492
175.358
184.89
177.838
160.398
190.557
191.765
176.264
183.918
186.2
191.733
159.148
181.769
179.029
188.416
159.549
159.535
210.544
193.061
200.489
177.544
188.202
188.71
180.813
193.11
175.685
203.254
177.824
163.089
194.387
167.393
194.336
167.915
155.853
147.201
173.584
180.169
190.195
180.553
178.487
173.441
182.838
199.681
179.058
186.169
173.409
171.28
177.251
210.245
195.244
178.507
180.2
184.663
177.348
178.606
183.858
171.771
167.416
188.764
160.289
195.343
178.911
186.292
182.445
189.898
191.935
184.284
184.686
168.268
166.613
200.169
157.046
177.078
173.695
187.444
169.591
191.609
184.805
164.369
202.582
187.363
171.143
193.97
197.908
204.839
182.061
190.827
184.164
203.648
199.123
189.524
180.018
176.493
215.531
189.98
184.725
189.967
211.539
173.438
193.127
191.459
172.505
204.916
164.506
165.759
179.467
166.209
185.63
179.844
184.676
180.647
176.74
178.096
177.917
189.991
195.647
194.128
210.072
177.799
157.174
169.525
179.399
167.828
198.909
177.715
167.003
171.058
161.537
180.055
191.208
186.086
183.366
196.745
193.95
177.957
184.534
166.111
176.388
213.059
189.749
168.159
184.633
190.514
183.504
166.777
187.59
202.811
147.124
166.732
163.65
183.266
193.83
208.895
173.546
194.178
192.107
166.219
138.522
193.873
160.684
188.5
191.143
170.145
174.361
180.064
194.245
182.741
171.236
196.81
187.407
195.612
172.269
170.035
177.736
182.605
178.506
180.909
170.476
177.877
174.084
185.651
160.658
192.735
198.812
178.794
198.23
205.434
158.835
182.303
197.022
169.734
176.034
173.731
194.242
199.297
167.339
167.907
163.021
178.152
169.797
175.613
196.206
200.84
195.914
191.083
189.016
182.879
158.266
187.044
162.858
189.516
185.625
191.297
204.29
170.031
177.289
191.285
188.478
192.032
180.454
171.525
154.476
172.346
179.214
178.476
176.02
181.039
182.102
170.0
197.017
199.102
193.477
191.759
177.259
194.983
171.047
170.919
202.439
188.244
212.28
190.004
164.703
182.693
180.893
200.035
164.721
171.143
177.525
168.751
186.79
181.075
155.035
173.449
184.6
203.729
190.535
163.787
212.433
185.306
178.625
163.207
163.601
197.315
182.459
154.205
181.161
186.477
177.443
184.085
203.986
163.355
185.159
174.089
186.499
158.064
193.717
177.883
193.793
184.922
171.011
182.445
161.265
197.14
179.452
188.84
179.681
174.146
216.425
197.813
202.219
195.39
161.598
164.766
182.223
167.057
183.988
175.301
175.33
184.834
164.605
190.443
186.928
166.658
173.629
178.549
187.259
190.675
195.768
177.148
177.477
181.02
191.037
184.554
179.144
163.092
169.973
161.321
167.085
165.699
185.357
197.852
174.674
187.753
194.702
158.039
158.167
175.674
198.777
175.581
196.361
182.129
189.18
156.839
185.152
173.523
175.364
174.134
170.624
193.213
200.601
174.409
171.299
187.047
188.514
185.768
181.562
193.047
200.895
175.937
192.247
187.411
180.684
190.111
204.734
192.284
183.843
169.637
185.398
197.113
170.896
182.593
192.17
153.58
170.137
187.249
162.305
183.834
187.058
169.154
181.744
198.102
171.332
180.784
186.324
183.874
201.528
183.008
182.234
197.666
199.671
166.695
180.869
199.711
176.775
191.108
205.494
166.252
177.191
181.725
175.635
205.211
166.336
177.318
170.47
192.658
182.73
190.93
174.977
189.873
167.418
172.089
186.597
169.95
170.658
209.85
188.805
198.214
165.951
170.585
197.726
182.241
173.38
178.416
176.1
182.361
186.292
184.243
195.084
163.554
151.881
192.203
205.305
175.407
189.928
176.575
177.626
193.202
166.065
190.644
184.759
169.635
182.198
183.937
162.33
179.786
170.711
195.609
184.085
170.291
180.526
204.021
174.705
175.107
191.51
182.441
176.838
170.809
208.2
144.079
182.322
187.782
185.011
155.088
206.153
174.97
173.755
165.81
177.387
211.217
196.929
177.425
168.471
188.017
174.482
180.559
188.064
177.97
183.127
175.696
181.051
186.437
167.924
185.456
166.414
184.934
194.855
207.299
189.149
194.127
174.283
192.349
182.331
196.522
185.139
171.876
173.835
203.867
190.603
179.212
184.904
178.544
184.089
196.252
178.666
176.12
175.612
169.61
179.62
175.014
180.339
195.353
198.164
180.597
192.482
206.568
156.728
171.813
201.033
166.759
205.302
200.523
197.961
183.034
166.83
188.02
185.796
178.953
174.537
184.172
178.713
200.348
176.402
221.883
187.514
179.887
189.366
162.456
174.943
189.377
182.996
175.809
160.976
184.478
188.77
174.249
196.232
180.184
190.119
187.591
176.357
168.289
161.623
186.069
175.476
182.918
193.808
188.282
167.63
171.733
154.139
174.449
189.231
186.879
195.502
199.226
185.563
181.427
176.36
173.063
178.819
191.113
191.595
184.407
195.439
162.007
177.566
189.255
179.035
187.924
190.706
181.492
169.07
185.229
194.599
195.075
173.38
176.556
185.555
179.42
177.676
176.754
180.331
165.255
164.831
168.477
187.005
178.722
181.739
176.768
172.121
185.079
183.298
171.109
165.24
182.61
163.251
177.269
198.97
168.644
181.713
185.491
201.967
179.581
189.796
182.547
180.729
166.419
182.81
176.708
181.387
180.817
175.966
189.722
176.184
179.757
176.083
174.711
179.061
167.986
182.201
171.664
168.568
176.103
189.097
183.789
173.557
167.197
188.622
184.007
193.771
200.958
185.335
164.31
176.5
188.776
189.24
194.15
183.602
182.08
168.788
184.83
186.187
178.875
168.602
189.385
168.324
177.646
194.711
189.431
196.555
175.984
170.607
151.03
199.437
190.857
175.526
182.655
197.63
160.441
174.28
192.225
158.765
193.082
179.831
171.367
203.161
168.799
187.162
184.8
195.504
163.819
175.355
189.757
182.727
180.527
180.163
184.371
195.702
176.101
159.728
201.674
221.941
190.77
201.541
182.086
166.228
172.899
198.325
177.246
196.126
204.489
194.022
163.813
182.863
180.499
181.468
180.256
160.711
185.274
178.498
182.361
204.694
175.402
189.41
199.538
184.229
204.486
159.463
184.329
179.659
204.56
182.125
189.153
155.275
189.766
170.254
188.328
170.021
186.324
171.775
190.168
170.249
175.279
183.553
172.471
216.497
173.7
174.14
185.068
177.062
192.799
182.542
187.433
172.368
188.475
173.783
174.482
173.219
187.836
189.978
188.701
189.301
184.652
159.974
167.858
182.911
179.669
204.114
193.435
191.781
158.967
173.47
209.536
175.654
195.243
196.042
120.659
184.187
210.44
183.59
164.58
191.189
169.841
173.459
173.392
195.77
185.756
194.428
200.25
221.622
189.247
179.54
169.568
189.253
175.219
170.959
179.437
172.568
178.334
184.919
169.774
181.081
203.089
184.415
185.982
187.192
180.601
172.63
180.779
183.333
185.267
197.388
189.918
190.728
189.518
179.688
195.63
173.322
176.918
172.712
189.123
184.09
183.268
179.84
183.36
186.764
204.939
177.447
183.805
186.752
186.546
203.101
162.487
181.096
174.307
196.253
187.186
177.028
177.684
162.499
173.087
188.347
178.168
187.337
193.607
181.492
185.995
187.659
206.153
159.312
219.344
171.334
198.916
170.572
181.336
168.482
159.651
178.087
193.657
228.986
154.251
203.404
181.565
156.285
169.155
194.408
163.166
183.646
191.832
175.462
185.552
192.813
187.73
176.447
183.915
158.814
145.946
184.619
181.81
190.588
191.705
174.695
178.894
188.992
182.218
182.294
170.189
180.018
192.548
180.034
165.288
167.828
191.224
163.789
174.599
152.65
163.139
193.727
178.776
180.568
189.415
190.985
177.3
161.824
200.005
185.387
180.482
201.586
156.383
153.246
180.035
192.789
163.612
177.583
171.569
186.713
202.355
192.046
203.776
179.4
173.498
178.689
173.672
173.208
177.61
177.989
186.365
183.502
207.058
158.475
176.162
172.53
174.778
186.821
176.317
179.633
170.171
206.077
198.663
186.164
188.305
175.864
192.971
164.143
175.631
176.425
170.031
207.267
183.956
178.328
177.137
183.705
183.31
175.434
187.422
196.514
195.346
171.931
180.656
195.579
180.151
174.626
190.537
168.37
174.289
182.794
195.895
193.128
169.922
198.059
173.962
190.514
181.111
178.067
195.537
171.314
184.2
177.112
187.034
181.963
184.775
175.609
161.134
173.019
175.041
167.784
172.427
196.665
180.224
201.592
170.357
172.54
172.974
200.709
158.588
148.549
177.98
181.24
173.83
189.623
190.322
181.173
193.79
198.84
199.835
166.918
192.459
180.301
179.702
198.293
194.367
189.641
186.953
158.915
201.106
193.472
180.676
184.436
192.949
184.008
192.201
181.947
195.247
187.119
179.448
176.539
175.029
167.834
195.2
188.983
179.433
188.463
179.203
171.142
183.693
180.124
178.693
187.944
171.809
206.973
189.925
205.034
188.908
175.839
186.581
181.915
184.933
189.519
175.986
180.952
172.348
193.352
180.353
194.389
183.11
155.193
157.249
196.211
179.095
224.735
167.329
170.067
191.92
173.863
180.15
156.743
174.688
189.743
187.04
183.514
176.199
183.202
197.083
171.842
174.608
185.791
180.118
174.584
187.765
166.26
168.908
77.597
173.916
172.607
200.435
180.496
182.563
172.255
194.74
172.348
180.254
204.944
197.378
158.137
171.067
181.752
167.185
174.863
166.614
186.279
170.335
178.311
152.003
191.48
157.357
194.869
181.531
190.828
178.662
176.068
194.598
168.128
171.557
195.359
184.062
191.071
177.621
185.442
184.634
220.058
169.36
177.268
196.19
178.613
197.289
180.129
204.8
160.657
169.19
180.102
203.371
188.607
194.941
199.092
164.144
186.276
192.543
188.896
163.979
159.662
173.356
188.099
167.888
180.023
192.904
188.504
158.468
181.666
183.816
197.523
180.995
151.443
195.937
136.231
176.807
182.606
169.482
171.853
176.107
208.227
178.822
153.946
170.413
187.788
209.575
160.547
192.931
190.472
187.626
196.896
184.059
175.697
163.981
194.728
178.682
192.754
218.078
176.395
184.353
194.866
180.471
200.423
194.99
202.771
179.753
197.174
205.911
190.916
178.913
175.713
200.67
177.493
187.343
230.845
178.305
199.526
180.284
174.33
161.921
157.873
179.925
164.429
181.039
148.566
182.589
180.057
211.2
176.829
183.726
172.694
189.63
153.468
161.112
202.385
183.307
168.291
177.56
183.249
201.283
176.497
170.301
161.294
201.849
166.127
167.772
202.689
207.901
205.571
197.818
183.205
192.248
196.837
189.051
180.009
178.82
171.651
189.967
186.521
191.768
195.935
189.238
195.189
159.225
168.488
173.853
182.554
188.083
166.752
170.418
192.722
150.273
182.237
174.957
197.306
189.754
180.302
184.882
200.971
193.105
181.059
180.569
179.289
183.433
144.908
207.368
187.899
172.195
180.728
196.352
177.788
197.201
190.266
176.303
190.719
169.239
188.795
202.848
199.066
183.261
191.591
186.844
170.345
176.786
191.489
200.864
197.863
172.032
182.984
181.781
194.321
181.627
159.31
158.009
189.485
177.555
186.323
183.481
209.09
173.821
170.382
193.94
196.781
166.093
168.705
161.752
179.082
191.775
178.804
171.017
166.959
184.048
176.107
204.091
194.598
184.615
181.415
183.23
174.702
187.957
195.819
210.092
171.898
195.957
182.133
182.089
185.113
191.403
172.061
175.969
186.574
186.916
186.118
178.978
161.86
155.298
178.846
166.42
179.025
180.833
203.239
188.537
174.198
193.156
192.414
181.154
175.649
179.598
172.71
183.598
163.206
162.892
180.118
172.693
174.035
170.368
179.061
181.37
172.602
189.934
177.514
176.488
164.559
179.427
190.197
166.527
185.121
171.266
167.585
196.604
188.336
166.236
183.689
174.563
175.442
177.83
199.43
166.898
173.041
184.735
193.137
210.34
200.192
164.771
196.495
190.884
196.465
171.175
202.831
187.467
176.84
185.105
163.733
185.444
177.171
196.437
170.89
159.54
183.021
173.85
187.307
193.573
196.47
166.248
175.567
189.662
186.2
183.812
174.309
186.262
182.595
167.603
196.346
192.922
185.79
175.578
178.599
189.054
175.858
177.407
166.803
207.125
186.379
158.193
180.363
169.248
168.87
187.083
188.182
202.429
192.166
176.538
162.84
168.262
177.378
185.804
165.105
178.515
168.082
204.268
175.209
171.182
173.38
175.317
204.975
167.389
186.975
180.919
163.836
191.171
179.07
169.476
184.756
200.752
208.277
183.038
197.253
175.036
199.127
198.032
184.909
164.175
175.734
172.242
179.83
177.326
170.907
202.044
163.866
206.795
186.398
206.226
175.374
173.455
182.776
187.559
171.173
199.334
189.608
168.355
176.689
166.183
186.465
179.0
189.496
186.71
179.087
171.594
165.769
200.167
171.459
192.874
178.745
168.236
169.379
170.3
171.064
213.934
201.885
188.267
191.725
187.507
199.662
194.161
162.474
178.429
185.971
189.266
179.121
189.843
200.566
183.945
171.323
178.225
181.774
195.626
182.303
185.378
188.263
178.461
185.194
189.686
194.701
170.933
171.241
207.428
174.185
171.58
186.372
197.673
188.79
171.991
178.965
168.205
198.287
178.424
187.536
179.479
171.237
185.666
196.368
165.321
186.73
191.931
190.744
160.607
179.634
185.233
174.776
190.772
163.178
168.968
182.63
201.914
171.689
185.2
190.846
193.668
186.678
196.04
175.609
210.945
164.113
180.738
187.326
189.742
179.5
188.84
191.898
204.999
155.62
190.637
181.579
190.132
175.967
167.887
193.113
171.625
178.283
184.185
171.634
199.91
179.742
178.304
189.676
180.935
183.843
165.174
158.305
174.501
190.358
168.128
171.108
132.884
169.956
192.54
191.588
149.831
155.323
186.528
191.488
198.487
190.228
151.472
184.736
196.994
174.063
174.361
155.516
188.797
175.096
185.822
169.062
176.581
182.358
198.914
184.231
190.801
176.601
196.514
177.212
179.156
181.577
194.169
171.437
156.359
202.677
192.956
179.409
170.622
155.057
165.648
193.352
175.646
165.743
185.571
188.483
173.728
159.746
173.753
194.475
181.754
211.772
172.866
173.655
176.521
189.728
191.843
187.822
195.689
203.306
168.046
160.635
184.154
204.942
185.327
188.783
194.72
172.774
182.119
166.257
176.076
190.759
207.166
181.96
218.178
165.905
177.509
183.194
194.872
168.859
179.965
172.971
144.226
175.848
159.63
178.957
185.22
209.417
164.193
181.359
195.185
191.274
175.704
190.155
194.219
179.841
182.311
214.821
198.369
161.18
173.144
179.68
156.422
178.271
174.826
184.974
198.901
188.609
180.702
200.397
169.532
191.626
189.54
183.709
199.355
195.579
184.994
205.52
175.263
194.841
175.803
179.754
179.468
172.286
151.945
180.336
187.111
200.673
172.394
175.84
197.288
183.63
187.987
183.547
180.611
173.01
146.087
164.992
185.63
173.535
205.164
191.802
164.702
205.377
193.409
190.414
169.883
181.4
196.256
194.312
182.081
184.679
177.203
173.931
166.072
178.28
184.095
192.399
154.661
182.287
196.753
185.018
192.197
195.09
187.263
185.327
204.895
189.522
199.461
168.929
166.785
175.217
186.633
178.31
175.163
170.512
200.274
182.861
170.351
179.147
204.123
156.717
159.432
162.863
194.137
192.419
185.632
169.21
164.177
191.271
174.4
192.728
187.839
177.928
194.313
182.835
153.047
166.561
171.754
172.434
193.466
193.319
165.06
180.886
194.035
200.366
185.835
165.908
170.607
184.646
191.53
190.921
176.6
181.011
192.095
189.659
155.163
188.517
169.579
175.082
186.301
201.844
181.158
227.067
185.125
166.781
191.282
175.311
176.346
168.536
177.75
198.966
178.24
171.02
174.089
193.723
171.747
185.729
187.54
206.042
180.515
186.947
180.583
175.443
192.997
170.221
181.724
200.628
173.128
191.412
194.215
180.17
186.321
194.064
177.875
170.651
164.423
178.528
178.361
191.368
190.337
192.584
189.536
180.543
186.314
171.276
214.102
168.603
190.635
183.136
166.399
187.887
198.577
184.402
204.801
177.98
190.866
176.967
209.784
187.603
180.785
196.042
184.247
200.464
196.111
194.924
182.225
165.949
189.392
203.174
185.629
162.042
185.032
175.707
193.077
178.193
173.409
182.013
185.399
173.323
163.634
166.294
199.614
163.74
179.931
182.691
195.167
199.768
182.91
169.885
166.052
185.089
190.213
213.217
155.158
213.957
172.046
155.059
186.53
183.049
157.359
166.851
185.573
181.792
172.479
193.978
186.254
228.425
190.0
197.137
181.76
189.087
209.781
178.926
186.299
209.682
173.034
199.746
183.639
143.674
178.654
172.868
194.765
141.121
158.992
204.531
185.594
176.653
195.356
192.956
184.931
171.365
161.626
169.016
188.664
193.414
179.187
177.447
164.005
176.52
189.285
187.625
212.885
168.755
174.796
174.212
188.764
193.478
182.177
174.464
176.589
183.016
205.545
187.779
156.777
174.515
185.457
120.272
186.545
158.122
196.275
174.621
188.665
183.44
184.132
201.097
180.733
168.291
197.116
192.787
191.453
188.56
193.382
164.628
182.135
191.558
181.442
198.801
192.812
167.542
183.552
184.965
196.718
181.161
191.119
174.073
203.692
174.479
196.355
163.924
183.077
207.027
168.27
183.943
185.64
183.799
185.452
186.051
176.681
187.111
176.396
175.198
174.397
191.6
193.038
183.536
184.619
176.631
180.193
156.102
168.427
191.446
182.094
205.107
173.356
187.562
175.544
174.512
165.287
194.71
194.204
165.609
182.975
179.195
166.977
186.613
176.183
189.196
204.402
182.976
165.987
172.755
157.533
163.72
199.65
180.529
197.287
156.534
181.349
198.023
195.499
171.107
182.58
186.369
180.395
187.513
176.376
158.358
160.459
190.041
188.336
170.311
170.985
185.23
184.357
179.907
177.17
164.812
158.349
170.849
170.815
161.642
194.876
183.26
181.211
162.434
145.65
180.091
211.787
154.758
161.336
183.367
168.363
188.376
159.204
190.7
202.141
176.77
208.642
172.18
183.677
199.229
196.286
202.406
217.003
183.706
173.524
203.273
182.129
190.447
180.793
179.199
186.04
185.234
160.658
172.027
200.112
172.884
183.87
176.303
185.226
162.015
174.393
185.087
168.884
194.388
180.394
152.728
186.154
187.882
154.664
196.131
177.986
169.985
181.125
191.642
166.979
186.025
186.947
178.594
196.698
180.989
168.046
178.344
165.401
153.88
174.421
171.366
183.478
174.457
185.568
161.151
183.376
168.363
194.938
175.457
203.855
220.195
188.551
174.038
198.939
192.071
175.13
184.329
180.529
182.708
206.692
161.101
209.635
201.036
174.674
189.099
186.545
187.562
193.453
212.789
191.26
191.955
157.077
191.769
197.427
182.973
194.797
172.743
178.967
172.013
181.186
184.02
184.877
199.578
210.848
182.484
205.7
174.452
185.871
202.647
187.43
170.75
193.635
151.747
176.959
183.571
199.86
191.136
161.027
183.089
181.863
181.388
199.125
183.716
171.772
203.041
166.418
178.066
178.564
195.443
199.873
183.851
164.901
197.63
180.367
172.273
167.433
182.055
185.63
180.626
184.358
168.907
174.361
172.665
189.648
171.612
202.95
165.078
201.685
164.885
194.98
169.351
171.547
188.686
172.521
187.038
199.151
187.32
185.772
199.46
157.092
182.235
175.128
171.229
192.171
174.63
165.574
154.712
172.997
197.732
183.845
183.602
183.131
196.687
170.594
196.975
161.506
169.693
185.251
179.744
156.444
187.828
191.668
185.59
168.542
181.886
185.849
184.701
194.964
182.248
192.749
176.838
187.98
175.91
211.865
196.067
183.845
188.494
186.348
189.383
186.193
194.934
175.04
187.619
209.37
170.943
191.545
185.304
204.276
164.721
186.769
209.622
186.292
184.689
211.063
187.865
177.625
214.785
202.18
187.596
183.12
177.4
186.694
188.494
171.231
186.936
188.041
192.819
184.415
184.652
184.765
177.139
205.492
203.963
190.432
190.051
169.899
154.302
185.122
193.892
172.181
163.735
190.184
174.783
195.511
191.605
210.328
171.344
168.467
189.667
177.468
175.688
198.401
174.827
192.583
180.639
185.991
179.479
204.785
208.861
165.405
160.85
196.709
174.783
184.682
178.082
188.079
176.894
165.5
181.635
178.296
209.105
168.691
157.778
205.37
179.461
174.237
174.664
170.729
175.407
186.812
178.019
203.658
167.544
192.598
186.251
201.651
183.628
205.135
202.178
192.787
189.87
186.952
189.777
159.145
157.366
177.229
196.823
182.334
197.835
193.672
169.172
168.01
186.793
158.933
206.036
158.9
179.974
176.952
180.868
190.265
173.632
182.433
188.725
181.337
178.538
193.106
175.321
157.876
162.186
197.634
170.267
199.104
166.419
147.356
198.12
186.854
192.114
173.486
188.609
185.804
178.344
177.941
162.116
153.429
154.074
189.79
179.086
168.122
174.937
171.92
200.427
184.937
194.1
184.408
187.753
186.211
183.667
206.322
184.084
195.829
196.806
165.348
189.74
184.783
182.564
175.864
165.938
196.479
171.353
186.377
184.159
210.69
175.245
181.52
167.049
200.25
180.692
165.384
185.109
164.742
164.948
182.015
167.19
158.674
147.704
186.689
164.686
190.356
184.054
173.09
189.726
154.577
171.878
191.128
199.937
160.584
183.55
180.606
183.909
193.487
161.352
185.107
180.771
191.458
184.332
162.415
185.769
190.979
180.399
204.533
142.378
175.961
183.664
167.251
191.055
190.973
181.575
173.939
179.672
193.518
192.235
195.078
205.153
154.742
192.838
170.986
192.302
197.653
176.478
173.716
177.224
150.954
193.025
200.543
191.118
164.678
176.67
175.573
170.84
202.105
177.397
189.993
162.164
184.883
169.883
210.341
194.489
193.48
191.244
186.803
186.953
181.591
185.052
170.43
194.028
188.642
174.456
187.594
164.371
192.483
194.841
186.571
182.13
177.694
174.414
172.069
173.252
184.356
186.833
181.415
177.527
199.61
177.671
174.004
177.32
201.673
165.988
175.806
214.751
168.848
199.546
169.865
186.653
186.444
177.497
199.713
188.881
188.739
177.294
174.533
183.388
191.626
178.785
170.654
182.87
200.89
178.395
179.643
164.961
209.273
181.356
179.909
155.145
196.321
177.835
202.206
191.533
202.701
169.396
195.448
154.84
185.532
197.187
165.4
166.616
168.748
166.098
169.606
183.511
178.992
187.73
190.908
186.802
193.944
182.297
182.93
192.784
184.087
204.442
175.307
176.157
181.801
188.766
201.381
182.646
188.204
159.244
193.345
196.644
177.37
182.213
179.423
158.262
201.626
184.05
128.74
183.014
185.731
170.671
177.677
190.091
199.079
186.924
198.694
153.558
198.439
165.335
192.667
180.117
191.847
196.272
199.334
188.945
144.061
192.488
204.463
180.453
168.492
166.513
194.33
194.329
181.913
190.28
177.285
185.443
183.862
171.535
190.216
175.544
171.795
163.236
159.105
153.965
194.69
195.289
157.741
207.968
176.363
173.894
197.33
191.266
184.557
191.981
183.177
193.052
185.219
155.462
174.316
177.156
184.465
172.966
154.681
177.054
182.666
194.135
166.941
174.756
166.011
200.896
169.895
179.547
172.245
178.594
206.802
199.725
187.96
174.017
179.344
197.922
211.071
196.116
158.743
181.179
174.558
176.855
197.403
199.443
188.714
203.48
183.612
186.62
196.676
185.296
171.196
179.166
187.209
192.786
174.216
186.387
191.3
182.381
196.257
189.687
179.536
170.55
186.486
193.26
163.711
190.378
170.836
152.717
190.133
200.005
187.508
186.697
165.696
190.645
208.776
205.496
156.572
175.044
190.046
183.323
199.353
174.043
171.207
180.311
158.793
167.14
179.557
166.3
195.029
161.072
161.716
183.412
171.912
185.359
187.487
171.801
178.068
185.759
161.455
181.607
188.21
201.249
155.988
178.737
190.828
173.293
195.733
172.22
170.862
200.022
184.947
196.738
171.455
191.727
169.802
188.656
170.215
176.618
182.074
186.036
173.933
179.304
173.303
183.091
168.291
212.362
174.185
200.509
186.404
175.944
188.984
186.033
186.185
181.965
185.817
176.096
182.128
196.045
196.572
200.254
180.25
193.164
184.055
178.977
189.076
160.264
204.837
143.72
165.91
189.046
182.397
184.831
181.463
187.571
203.754
169.159
183.33
171.719
191.875
193.808
168.984
192.354
185.826
175.051
162.885
190.771
166.319
193.129
186.169
171.856
180.206
181.204
167.662
186.699
197.328
165.681
186.797
178.464
198.38
166.544
183.674
195.717
177.725
184.197
191.27
199.089
180.715
198.494
181.741
195.795
174.641
180.988
168.188
201.515
197.434
185.267
197.356
166.73
165.071
170.712
159.69
172.872
180.332
167.191
179.599
161.1
166.823
182.784
166.759
190.397
195.515
160.577
146.346
193.193
198.523
195.517
175.235
184.143
174.463
190.525
202.173
189.475
180.844
196.814
163.577
184.875
200.247
193.439
191.762
173.828
183.676
190.026
167.64
183.636
178.168
167.258
167.32
154.097
201.696
181.949
187.117
189.318
198.888
187.65
181.223
187.397
198.134
182.951
180.147
182.043
147.331
178.848
188.187
183.06
182.291
192.991
178.321
203.787
157.661
174.421
161.381
178.864
180.395
196.502
202.23
181.852
177.82
173.386
